1 0 2817
2 2817 2706
3 5523 1250
4 6773 1106
5 7879 861
6 8740 981
7 9721 996
8 10717 2360
9 13077 1744
10 14821 1154
11 15975 904
12 16879 1135
13 18014 1359
14 19373 1000
15 20373 1951
16 22324 2627
17 24951 1277
18 26228 2744
19 28972 2820
20 31792 3001
21 34793 1064
22 35857 3629
23 39486 4298
24 43784 3334
25 47118 5885
26 53003 3303
27 56306 924
28 57230 2331
29 59561 4631
30 64192 798
31 64990 5809
32 70799 1238
33 72037 6019
34 78056 878
35 78934 1622
36 80556 877
37 81433 3278
38 84711 6421
39 91132 830
40 91962 3424
41 95386 4041
42 99427 1251
43 100678 1085
44 101763 1806
45 103569 1539
46 105108 2501
47 107609 2500
48 110109 1752
49 111861 1383
50 113244 2914
51 116158 2441
52 118599 1572
53 120171 1865
54 122036 1085
55 123121 955
56 124076 3368
57 127444 1962
58 129406 1933
59 131339 2228
60 133567 1958
61 135525 3128
62 138653 1798
63 140451 3201
64 143652 521
65 144173 1109
66 145282 814
67 146096 2572
68 148668 1061
69 149729 2284
70 152013 1866
71 153879 1428
72 155307 728
73 156035 1681
74 157716 2542
75 160258 1570
76 161828 2290
77 164118 2393
78 166511 2253
79 168764 1071
80 169835 2524
81 172359 1430
82 173789 4190
83 177979 2113
84 180092 1794
85 181886 4217
86 186103 541
87 186644 834
88 187478 2568
89 190046 4243
90 194289 3562
91 197851 908
92 198759 3518
93 202277 1225
94 203502 2399
95 205901 2658
96 208559 476
97 209035 3167
98 212202 2115
99 214317 10198
100 224515 1132
101 225647 1348
102 226995 5187
103 232182 2538
104 234720 6660
105 241380 7831
106 249211 1423
107 250634 1777
108 252411 2251
109 254662 3419
110 258081 1963
111 260044 2107
112 262151 6054
113 268205 2081
114 270286 1462
115 271748 1112
116 272860 3183
117 276043 6320
118 282363 1989
119 284352 2397
120 286749 2614
121 289363 2618
122 291981 3608
123 295589 1418
124 297007 8501
125 305508 3915
126 309423 1485
127 310908 10451
128 321359 4105
129 325464 7208
130 332672 10041
131 342713 3365
132 346078 6501
133 352579 4378
134 356957 4667
135 361624 2999
136 364623 1326
137 365949 3079
138 369028 1962
139 370990 1675
140 372665 1721
141 374386 3359
142 377745 2070
143 379815 2135
144 381950 989
145 382939 1899
146 384838 3963
147 388801 2204
148 391005 5404
149 396409 1750
150 398159 1902
151 400061 2550
152 402611 2200
153 404811 2192
154 407003 1799
155 408802 2389
156 411191 6024
157 417215 4960
158 422175 1634
159 423809 13681
160 437490 5378
161 442868 982
162 443850 14511
163 458361 1860
164 460221 1611
165 461832 1101
166 462933 1523
167 464456 1770
168 466226 6084
169 472310 2994
170 475304 3084
171 478388 2392
172 480780 1960
173 482740 2856
174 485596 5409
175 491005 15398
176 506403 7245
177 513648 3361
178 517009 3240
179 520249 2546
180 522795 2966
181 525761 1348
182 527109 2303
183 529412 5279
184 534691 1617
185 536308 1302
186 537610 1996
187 539606 2609
188 542215 1501
189 543716 1495
190 545211 1400
191 546611 2496
192 549107 670
193 549777 661
194 550438 684
195 551122 665
196 551787 704
197 552491 682
198 553173 693
199 553866 639
200 554505 634
201 555139 657
202 555796 642
203 556438 720
204 557158 688
205 557846 666
206 558512 634
207 559146 677
208 559823 630
209 560453 662
210 561115 647
211 561762 635
212 562397 655
213 563052 648
214 563700 658
215 564358 652
216 565010 670
217 565680 704
218 566384 667
219 567051 663
220 567714 682
221 568396 664
222 569060 670
223 569730 702
224 570432 699
225 571131 676
226 571807 700
227 572507 677
228 573184 709
229 573893 665
230 574558 640
231 575198 673
232 575871 653
233 576524 663
234 577187 640
235 577827 667
236 578494 655
237 579149 653
238 579802 655
239 580457 649
240 581106 661
241 581767 703
242 582470 659
243 583129 689
244 583818 669
245 584487 634
246 585121 672
247 585793 665
248 586458 685
249 587143 667
250 587810 704
251 588514 639
252 589153 658
253 589811 690
254 590501 665
255 591166 672
256 591838 664
257 592502 667
258 593169 685
259 593854 704
260 594558 658
261 595216 688
262 595904 653
263 596557 716
264 597273 670
265 597943 645
266 598588 674
267 599262 657
268 599919 668
269 600587 656
270 601243 643
271 601886 656
272 602542 651
273 603193 668
274 603861 652
275 604513 706
276 605219 679
277 605898 660
278 606558 689
279 607247 657
280 607904 660
281 608564 665
282 609229 665
283 609894 663
284 610557 685
285 611242 666
286 611908 698
287 612606 665
288 613271 641
289 613912 667
290 614579 665
291 615244 684
292 615928 672
293 616600 663
294 617263 657
295 617920 656
296 618576 668
297 619244 643
298 619887 660
299 620547 655
300 621202 659
301 621861 647
302 622508 662
303 623170 656
304 623826 660
305 624486 658
306 625144 675
307 625819 629
308 626448 687
309 627135 665
310 627800 700
311 628500 686
312 629186 669
313 629855 664
314 630519 701
315 631220 715
316 631935 639
317 632574 648
318 633222 687
319 633909 668
320 634577 667
321 635244 675
322 635919 704
323 636623 666
324 637289 684
325 637973 696
326 638669 663
327 639332 673
328 640005 711
329 640716 715
330 641431 663
331 642094 660
332 642754 649
333 643403 653
334 644056 657
335 644713 654
336 645367 686
337 646053 666
338 646719 643
339 647362 645
340 648007 645
341 648652 657
342 649309 656
343 649965 685
344 650650 675
345 651325 696
346 652021 699
347 652720 662
348 653382 687
349 654069 679
350 654748 691
351 655439 675
352 656114 674
353 656788 699
354 657487 655
355 658142 201
356 658343 688
357 659031 671
358 659702 699
359 660401 707
360 661108 665
361 661773 688
362 662461 652
363 663113 658
364 663771 653
365 664424 652
366 665076 694
367 665770 651
368 666421 665
369 667086 651
370 667737 634
371 668371 653
372 669024 657
373 669681 642
374 670323 655
375 670978 652
376 671630 670
377 672300 650
378 672950 659
379 673609 695
380 674304 700
381 675004 715
382 675719 689
383 676408 655
384 677063 665
385 677728 686
386 678414 649
387 679063 688
388 679751 645
389 680396 661
390 681057 673
391 681730 658
392 682388 671
393 683059 695
394 683754 655
395 684409 648
396 685057 688
397 685745 658
398 686403 673
399 687076 650
400 687726 695
401 688421 659
402 689080 676
403 689756 661
404 690417 671
405 691088 709
406 691797 704
407 692501 715
408 693216 657
409 693873 686
410 694559 655
411 695214 660
412 695874 649
413 696523 680
414 697203 639
415 697842 645
416 698487 668
417 699155 648
418 699803 666
419 700469 653
420 701122 680
421 701802 644
422 702446 694
423 703140 678
424 703818 657
425 704475 687
426 705162 653
427 705815 659
428 706474 681
429 707155 659
430 707814 660
431 708474 672
432 709146 691
433 709837 653
434 710490 645
435 711135 697
436 711832 664
437 712496 657
438 713153 682
439 713835 672
440 714507 650
441 715157 688
442 715845 659
443 716504 706
444 717210 705
445 717915 698
446 718613 714
447 719327 717
448 720044 691
449 720735 686
450 721421 687
451 722108 704
452 722812 689
453 723501 674
454 724175 639
455 724814 660
456 725474 682
457 726156 661
458 726817 669
459 727486 689
460 728175 674
461 728849 634
462 729483 663
463 730146 687
464 730833 669
465 731502 700
466 732202 736
467 732938 735
468 733673 671
469 734344 638
470 734982 647
471 735629 651
472 736280 658
473 736938 632
474 737570 678
475 738248 626
476 738874 636
477 739510 660
478 740170 639
479 740809 675
480 741484 699
481 742183 650
482 742833 673
483 743506 691
484 744197 680
485 744877 687
486 745564 664
487 746228 674
488 746902 678
489 747580 685
490 748265 652
491 748917 717
492 749634 683
493 750317 639
494 750956 664
495 751620 653
496 752273 651
497 752924 648
498 753572 626
499 754198 649
500 754847 643
501 755490 652
502 756142 647
503 756789 658
504 757447 660
505 758107 685
506 758792 640
507 759432 668
508 760100 654
509 760754 718
510 761472 695
511 762167 660
512 762827 662
513 763489 654
514 764143 677
515 764820 648
516 765468 662
517 766130 660
518 766790 688
519 767478 657
520 768135 680
521 768815 695
522 769510 673
523 770183 665
524 770848 675
525 771523 660
526 772183 688
527 772871 662
528 773533 670
529 774203 655
530 774858 647
531 775505 642
532 776147 651
533 776798 635
534 777433 651
535 778084 668
536 778752 651
537 779403 647
538 780050 696
539 780746 679
540 781425 659
541 782084 695
542 782779 687
543 783466 661
544 784127 664
545 784791 665
546 785456 692
547 786148 678
548 786826 659
549 787485 684
550 788169 660
551 788829 697
552 789526 674
553 790200 686
554 790886 641
555 791527 646
556 792173 638
557 792811 692
558 793503 667
559 794170 667
560 794837 677
561 795514 665
562 796179 648
563 796827 654
564 797481 649
565 798130 641
566 798771 655
567 799426 644
568 800070 664
569 800734 629
570 801363 642
571 802005 657
572 802662 653
573 803315 679
574 803994 683
575 804677 652
576 805329 666
577 805995 645
578 806640 660
579 807300 642
580 807942 661
581 808603 692
582 809295 659
583 809954 674
584 810628 652
585 811280 632
586 811912 659
587 812571 688
588 813259 660
589 813919 691
590 814610 660
591 815270 668
592 815938 640
593 816578 648
594 817226 667
595 817893 670
596 818563 643
597 819206 641
598 819847 692
599 820539 669
600 821208 642
601 821850 640
602 822490 632
603 823122 674
604 823796 711
605 824507 670
606 825177 638
607 825815 645
608 826460 640
609 827100 650
610 827750 628
611 828378 635
612 829013 634
613 829647 661
614 830308 643
615 830951 659
616 831610 626
617 832236 669
618 832905 655
619 833560 424
620 833984 434
621 834418 450
622 834868 494
623 835362 464
624 835826 472
625 836298 496
626 836794 532
627 837326 480
628 837806 510
629 838316 486
630 838802 478
631 839280 494
632 839774 462
633 840236 530
634 840766 5002
635 845768 6547
636 852315 4724
637 857039 4242
638 861281 3610
639 864891 3057
640 867948 8652
641 876600 4043
642 880643 7539
643 888182 38575
644 926757 5447
645 932204 17879
646 950083 5298
647 955381 2776
648 958157 10548
649 968705 3790
650 972495 4735
651 977230 5415
652 982645 4833
653 987478 5253
654 992731 6733
655 999464 6492
656 1005956 4686
657 1010642 4157
658 1014799 8960
659 1023759 8412
660 1032171 5490
661 1037661 4279
662 1041940 7451
663 1049391 7912
664 1057303 5655
665 1062958 5365
666 1068323 4472
667 1072795 4967
668 1077762 4325
669 1082087 4377
670 1086464 5353
671 1091817 1264
672 1093081 4016
673 1097097 19879
674 1116976 3716
675 1120692 6340
676 1127032 4685
677 1131717 2821
678 1134538 3488
679 1138026 3921
680 1141947 3475
681 1145422 4284
682 1149706 11923
683 1161629 4251
684 1165880 8226
685 1174106 7870
686 1181976 8010
687 1189986 7317
688 1197303 1636
689 1198939 5259
690 1204198 16456
691 1220654 4615
692 1225269 9456
693 1234725 5316
694 1240041 4204
695 1244245 4793
696 1249038 4038
697 1253076 10516
698 1263592 5562
699 1269154 4120
700 1273274 3753
701 1277027 3928
702 1280955 3320
703 1284275 3425
704 1287700 18438
705 1306138 4815
706 1310953 5371
707 1316324 3406
708 1319730 11482
709 1331212 7884
710 1339096 19546
711 1358642 5462
712 1364104 1237
713 1365341 2134
714 1367475 2878
715 1370353 3673
716 1374026 19361
717 1393387 19784
718 1413171 4359
719 1417530 4305
720 1421835 3529
721 1425364 12572
722 1437936 6792
723 1444728 25794
724 1470522 11235
725 1481757 7102
726 1488859 1558
727 1490417 5955
728 1496372 6359
729 1502731 23598
730 1526329 1574
731 1527903 2817
732 1530720 2433
733 1533153 2058
734 1535211 2528
735 1537739 3454
736 1541193 2480
737 1543673 2535
738 1546208 20284
739 1566492 8415
740 1574907 4388
741 1579295 4492
742 1583787 4161
743 1587948 1551
744 1589499 4503
745 1594002 1381
746 1595383 1199
747 1596582 1497
748 1598079 7445
749 1605524 2197
750 1607721 18044
751 1625765 8897
752 1634662 5694
753 1640356 4042
754 1644398 3579
755 1647977 2071
756 1650048 16391
757 1666439 4478
758 1670917 1171
759 1672088 1945
760 1674033 1371
761 1675404 8194
762 1683598 5190
763 1688788 6862
764 1695650 1947
765 1697597 8223
766 1705820 7580
767 1713400 8524
768 1721924 4996
769 1726920 6763
770 1733683 15110
771 1748793 7560
772 1756353 5100
773 1761453 1388
774 1762841 1589
775 1764430 2171
776 1766601 1365
777 1767966 836
778 1768802 6390
779 1775192 2151
780 1777343 8316
781 1785659 4242
782 1789901 1895
783 1791796 5256
784 1797052 5488
785 1802540 9135
786 1811675 4711
787 1816386 9544
788 1825930 3791
789 1829721 1092
790 1830813 1444
791 1832257 1377
792 1833634 9098
793 1842732 315
794 1843047 1747
795 1844794 787
796 1845581 1474
797 1847055 12572
798 1859627 8052
799 1867679 4097
800 1871776 5019
801 1876795 4482
802 1881277 8959
803 1890236 2236
804 1892472 5383
805 1897855 2944
806 1900799 3129
807 1903928 1700
808 1905628 8110
809 1913738 3708
810 1917446 14190
811 1931636 3301
812 1934937 3895
813 1938832 4331
814 1943163 11611
815 1954774 948
816 1955722 8022
817 1963744 6284
818 1970028 800
819 1970828 5700
820 1976528 15718
821 1992246 934
822 1993180 6083
823 1999263 695
824 1999958 5279
825 2005237 8080
826 2013317 1459
827 2014776 4381
828 2019157 719
829 2019876 8931
830 2028807 1378
831 2030185 4328
832 2034513 5472
833 2039985 3028
834 2043013 2760
835 2045773 3753
836 2049526 2135
837 2051661 4019
838 2055680 13150
839 2068830 2526
840 2071356 1930
841 2073286 3634
842 2076920 3877
843 2080797 3887
844 2084684 1908
845 2086592 5450
846 2092042 6888
847 2098930 2520
848 2101450 4594
849 2106044 6988
850 2113032 1515
851 2114547 2496
852 2117043 2685
853 2119728 826
854 2120554 5373
855 2125927 281
856 2126208 850
857 2127058 3589
858 2130647 5938
859 2136585 1250
860 2137835 1397
861 2139232 3699
862 2142931 4595
863 2147526 2399
864 2149925 2215
865 2152140 3789
866 2155929 4073
867 2160002 941
868 2160943 2950
869 2163893 1152
870 2165045 1796
871 2166841 2015
872 2168856 3139
873 2171995 7156
874 2179151 8625
875 2187776 3979
876 2191755 4010
877 2195765 4640
878 2200405 3916
879 2204321 4643
880 2208964 1170
881 2210134 4229
882 2214363 2721
883 2217084 1729
884 2218813 1091
885 2219904 4053
886 2223957 3889
887 2227846 2903
888 2230749 1303
889 2232052 3179
890 2235231 7704
891 2242935 19087
892 2262022 2210
893 2264232 3798
894 2268030 1660
895 2269690 4266
896 2273956 5134
897 2279090 8867
898 2287957 3157
899 2291114 13390
900 2304504 3758
901 2308262 6388
902 2314650 8724
903 2323374 5781
904 2329155 2180
905 2331335 4988
906 2336323 1227
907 2337550 3877
908 2341427 6378
909 2347805 1678
910 2349483 3453
911 2352936 2819
912 2355755 6306
913 2362061 5409
914 2367470 1820
915 2369290 6768
916 2376058 3687
917 2379745 10448
918 2390193 6994
919 2397187 4576
920 2401763 3538
921 2405301 6466
922 2411767 9652
923 2421419 1606
924 2423025 2791
925 2425816 2414
926 2428230 4573
927 2432803 8727
928 2441530 1599
929 2443129 4829
930 2447958 5114
931 2453072 9799
932 2462871 1660
933 2464531 749
934 2465280 734
935 2466014 2928
936 2468942 1878
937 2470820 2319
938 2473139 3190
939 2476329 2900
940 2479229 2963
941 2482192 3015
942 2485207 2445
943 2487652 2476
944 2490128 2545
945 2492673 861
946 2493534 1603
947 2495137 5837
948 2500974 2585
949 2503559 1295
950 2504854 2052
951 2506906 1587
952 2508493 2905
953 2511398 5810
954 2517208 1202
955 2518410 2829
956 2521239 1851
957 2523090 1244
958 2524334 1128
959 2525462 1785
960 2527247 5999
961 2533246 3447
962 2536693 1602
963 2538295 620
964 2538915 2711
965 2541626 906
966 2542532 5768
967 2548300 5218
968 2553518 1620
969 2555138 771
970 2555909 800
971 2556709 2492
972 2559201 5807
973 2565008 3746
974 2568754 3722
975 2572476 3680
976 2576156 4061
977 2580217 3845
978 2584062 3764
979 2587826 636
980 2588462 5827
981 2594289 692
982 2594981 2812
983 2597793 2875
984 2600668 1100
985 2601768 1283
986 2603051 7588
987 2610639 1492
988 2612131 2304
989 2614435 2104
990 2616539 1465
991 2618004 991
992 2618995 1710
993 2620705 2630
994 2623335 17048
995 2640383 1554
996 2641937 4855
997 2646792 2116
998 2648908 2827
999 2651735 6287
1000 2658022 542
1001 2658564 4042
1002 2662606 2050
1003 2664656 1221
1004 2665877 4667
1005 2670544 862
1006 2671406 2126
1007 2673532 1904
1008 2675436 4191
1009 2679627 4704
1010 2684331 9246
1011 2693577 4139
1012 2697716 2715
1013 2700431 853
1014 2701284 818
1015 2702102 917
1016 2703019 1061
1017 2704080 9664
1018 2713744 2031
1019 2715775 1865
1020 2717640 2657
1021 2720297 3199
1022 2723496 9550
1023 2733046 3474
1024 2736520 8390
1025 2744910 2149
1026 2747059 1738
1027 2748797 1077
1028 2749874 1067
1029 2750941 1380
1030 2752321 5372
1031 2757693 5004
1032 2762697 2163
1033 2764860 1750
1034 2766610 4028
1035 2770638 2331
1036 2772969 2268
1037 2775237 7682
1038 2782919 1327
1039 2784246 1486
1040 2785732 4291
1041 2790023 1275
1042 2791298 1243
1043 2792541 1420
1044 2793961 1697
1045 2795658 5195
1046 2800853 2534
1047 2803387 1384
1048 2804771 10942
1049 2815713 3840
1050 2819553 9587
1051 2829140 3796
1052 2832936 1577
1053 2834513 2124
1054 2836637 7043
1055 2843680 1875
1056 2845555 7373
1057 2852928 3397
1058 2856325 1930
1059 2858255 12898
1060 2871153 4687
1061 2875840 1386
1062 2877226 2484
1063 2879710 2331
1064 2882041 2163
1065 2884204 3616
1066 2887820 1390
1067 2889210 11055
1068 2900265 1179
1069 2901444 681
1070 2902125 4769
1071 2906894 2050
1072 2908944 1304
1073 2910248 911
1074 2911159 3125
1075 2914284 1904
1076 2916188 2887
1077 2919075 980
1078 2920055 1330
1079 2921385 1365
1080 2922750 537
1081 2923287 4967
1082 2928254 3254
1083 2931508 2220
1084 2933728 869
1085 2934597 795
1086 2935392 1254
1087 2936646 5694
1088 2942340 1600
1089 2943940 777
1090 2944717 1694
1091 2946411 563
1092 2946974 1851
1093 2948825 2481
1094 2951306 2332
1095 2953638 2697
1096 2956335 1659
1097 2957994 631
1098 2958625 2170
1099 2960795 2206
1100 2963001 2210
1101 2965211 2333
1102 2967544 2145
1103 2969689 491
1104 2970180 2438
1105 2972618 1243
1106 2973861 3111
1107 2976972 1569
1108 2978541 716
1109 2979257 1054
1110 2980311 8507
1111 2988818 4226
1112 2993044 3227
1113 2996271 12859
1114 3009130 4576
1115 3013706 2373
1116 3016079 2429
1117 3018508 661
1118 3019169 1378
1119 3020547 10084
1120 3030631 21763
1121 3052394 873
1122 3053267 3515
1123 3056782 1424
1124 3058206 1069
1125 3059275 5761
1126 3065036 1214
1127 3066250 912
1128 3067162 10822
1129 3077984 1357
1130 3079341 17727
1131 3097068 9475
1132 3106543 2845
1133 3109388 1357
1134 3110745 4600
1135 3115345 5957
1136 3121302 1061
1137 3122363 879
1138 3123242 2303
1139 3125545 8167
1140 3133712 3256
1141 3136968 1843
1142 3138811 531
1143 3139342 1549
1144 3140891 2277
1145 3143168 3809
1146 3146977 5935
1147 3152912 1331
1148 3154243 3169
1149 3157412 1241
1150 3158653 1315
1151 3159968 1105
1152 3161073 5537
1153 3166610 931
1154 3167541 4365
1155 3171906 344
1156 3172250 8876
1157 3181126 3591
1158 3184717 1607
1159 3186324 1339
1160 3187663 6396
1161 3194059 4073
1162 3198132 1251
1163 3199383 2944
1164 3202327 2657
1165 3204984 1780
1166 3206764 4111
1167 3210875 12817
1168 3223692 1475
1169 3225167 4030
1170 3229197 3580
1171 3232777 1365
1172 3234142 1088
1173 3235230 3959
1174 3239189 6873
1175 3246062 1584
1176 3247646 1518
1177 3249164 1453
1178 3250617 2431
1179 3253048 2158
1180 3255206 1747
1181 3256953 1764
1182 3258717 1155
1183 3259872 1636
1184 3261508 805
1185 3262313 7021
1186 3269334 8128
1187 3277462 1477
1188 3278939 1083
1189 3280022 4667
1190 3284689 2422
1191 3287111 1165
1192 3288276 6434
1193 3294710 1770
1194 3296480 7551
1195 3304031 2165
1196 3306196 6388
1197 3312584 3991
1198 3316575 1391
1199 3317966 8331
1200 3326297 6892
1201 3333189 9527
1202 3342716 3640
1203 3346356 2223
1204 3348579 3389
1205 3351968 4726
1206 3356694 1679
1207 3358373 1959
1208 3360332 1565
1209 3361897 2564
1210 3364461 2011
1211 3366472 3756
1212 3370228 946
1213 3371174 1211
1214 3372385 1930
1215 3374315 1442
1216 3375757 3815
1217 3379572 5722
1218 3385294 2244
1219 3387538 2906
1220 3390444 1508
1221 3391952 5754
1222 3397706 2662
1223 3400368 1291
1224 3401659 1269
1225 3402928 1338
1226 3404266 7959
1227 3412225 1716
1228 3413941 2834
1229 3416775 1246
1230 3418021 1434
1231 3419455 5128
1232 3424583 3045
1233 3427628 1300
1234 3428928 2792
1235 3431720 1447
1236 3433167 933
1237 3434100 2779
1238 3436879 1498
1239 3438377 911
1240 3439288 3004
1241 3442292 1226
1242 3443518 8783
1243 3452301 2612
1244 3454913 1628
1245 3456541 2238
1246 3458779 1994
1247 3460773 6257
1248 3467030 2082
1249 3469112 1570
1250 3470682 3151
1251 3473833 4063
1252 3477896 2687
1253 3480583 2886
1254 3483469 1040
1255 3484509 1422
1256 3485931 5509
1257 3491440 3622
1258 3495062 2084
1259 3497146 5812
1260 3502958 6784
1261 3509742 1224
1262 3510966 1523
1263 3512489 360
1264 3512849 2202
1265 3515051 2949
1266 3518000 1223
1267 3519223 925
1268 3520148 1871
1269 3522019 2970
1270 3524989 6889
1271 3531878 2664
1272 3534542 1566
1273 3536108 1771
1274 3537879 1708
1275 3539587 8962
1276 3548549 5613
1277 3554162 5671
1278 3559833 5488
1279 3565321 6745
1280 3572066 2076
1281 3574142 19459
1282 3593601 7683
1283 3601284 1822
1284 3603106 1240
1285 3604346 3038
1286 3607384 1860
1287 3609244 2695
1288 3611939 4177
1289 3616116 1415
1290 3617531 597
1291 3618128 6574
1292 3624702 2418
1293 3627120 1831
1294 3628951 3349
1295 3632300 1891
1296 3634191 13761
1297 3647952 544
1298 3648496 1642
1299 3650138 3033
1300 3653171 2370
1301 3655541 2834
1302 3658375 18376
1303 3676751 2146
1304 3678897 1008
1305 3679905 5445
1306 3685350 1977
1307 3687327 1507
1308 3688834 1862
1309 3690696 1176
1310 3691872 1183
1311 3693055 6964
1312 3700019 3762
1313 3703781 1028
1314 3704809 2478
1315 3707287 2237
1316 3709524 3228
1317 3712752 2593
1318 3715345 30048
1319 3745393 1102
1320 3746495 1752
1321 3748247 5115
1322 3753362 1256
1323 3754618 1656
1324 3756274 1737
1325 3758011 2416
1326 3760427 1684
1327 3762111 1588
1328 3763699 2645
1329 3766344 3228
1330 3769572 4670
1331 3774242 1790
1332 3776032 961
1333 3776993 1500
1334 3778493 2060
1335 3780553 1534
1336 3782087 1806
1337 3783893 1294
1338 3785187 1913
1339 3787100 1629
1340 3788729 866
1341 3789595 2724
1342 3792319 1881
1343 3794200 6161
1344 3800361 2735
1345 3803096 1410
1346 3804506 1212
1347 3805718 2694
1348 3808412 1463
1349 3809875 2323
1350 3812198 1474
1351 3813672 1346
1352 3815018 2198
1353 3817216 1527
1354 3818743 1722
1355 3820465 5226
1356 3825691 5616
1357 3831307 1682
1358 3832989 1304
1359 3834293 2977
1360 3837270 1609
1361 3838879 2797
1362 3841676 868
1363 3842544 1615
1364 3844159 4003
1365 3848162 3244
1366 3851406 2993
1367 3854399 3365
1368 3857764 2720
1369 3860484 1415
1370 3861899 1378
1371 3863277 892
1372 3864169 2173
1373 3866342 1098
1374 3867440 3332
1375 3870772 3209
1376 3873981 3786
1377 3877767 1762
1378 3879529 4880
1379 3884409 1793
1380 3886202 977
1381 3887179 1278
1382 3888457 993
1383 3889450 1170
1384 3890620 5094
1385 3895714 1863
1386 3897577 1137
1387 3898714 1300
1388 3900014 1246
1389 3901260 4191
1390 3905451 1514
1391 3906965 2697
1392 3909662 2149
1393 3911811 1107
1394 3912918 1842
1395 3914760 5007
1396 3919767 2346
1397 3922113 1040
1398 3923153 1096
1399 3924249 6700
1400 3930949 2171
1401 3933120 1942
1402 3935062 6217
1403 3941279 3638
1404 3944917 641
1405 3945558 1847
1406 3947405 3091
1407 3950496 1268
1408 3951764 2311
1409 3954075 1123
1410 3955198 3490
1411 3958688 4122
1412 3962810 4338
1413 3967148 6298
1414 3973446 3765
1415 3977211 722
1416 3977933 4287
1417 3982220 4091
1418 3986311 547
1419 3986858 1009
1420 3987867 1594
1421 3989461 3665
1422 3993126 3599
1423 3996725 4814
1424 4001539 2708
1425 4004247 2089
1426 4006336 3141
1427 4009477 812
1428 4010289 7192
1429 4017481 957
1430 4018438 3158
1431 4021596 2395
1432 4023991 2684
1433 4026675 3416
1434 4030091 2560
1435 4032651 4081
1436 4036732 2052
1437 4038784 1872
1438 4040656 4446
1439 4045102 1433
1440 4046535 4435
1441 4050970 3892
1442 4054862 5691
1443 4060553 6675
1444 4067228 4541
1445 4071769 1811
1446 4073580 1280
1447 4074860 2859
1448 4077719 6454
1449 4084173 2549
1450 4086722 3458
1451 4090180 2723
1452 4092903 2287
1453 4095190 10510
1454 4105700 774
1455 4106474 9126
1456 4115600 2215
1457 4117815 2531
1458 4120346 2401
1459 4122747 2380
1460 4125127 1357
1461 4126484 1146
1462 4127630 2956
1463 4130586 10182
1464 4140768 1287
1465 4142055 3979
1466 4146034 1135
1467 4147169 467
1468 4147636 10806
1469 4158442 1846
1470 4160288 3374
1471 4163662 3353
1472 4167015 3593
1473 4170608 9703
1474 4180311 2195
1475 4182506 1122
1476 4183628 791
1477 4184419 1065
1478 4185484 1843
1479 4187327 8532
1480 4195859 3466
1481 4199325 6356
1482 4205681 4825
1483 4210506 5621
1484 4216127 1717
1485 4217844 5371
1486 4223215 1702
1487 4224917 1721
1488 4226638 6813
1489 4233451 2795
1490 4236246 1507
1491 4237753 2077
1492 4239830 2591
1493 4242421 2588
1494 4245009 3791
1495 4248800 6366
1496 4255166 3594
1497 4258760 6871
1498 4265631 10193
1499 4275824 2189
1500 4278013 3686
1501 4281699 2347
1502 4284046 3719
1503 4287765 2958
1504 4290723 3785
1505 4294508 1633
1506 4296141 10150
1507 4306291 2155
1508 4308446 4998
1509 4313444 2431
1510 4315875 1525
1511 4317400 7969
1512 4325369 6806
1513 4332175 4464
1514 4336639 9629
1515 4346268 6424
1516 4352692 5749
1517 4358441 2889
1518 4361330 5694
1519 4367024 10462
1520 4377486 4327
1521 4381813 6177
1522 4387990 4651
1523 4392641 2288
1524 4394929 3443
1525 4398372 8918
1526 4407290 1819
1527 4409109 5754
1528 4414863 4061
1529 4418924 4066
1530 4422990 2624
1531 4425614 380
1532 4425994 1869
1533 4427863 7416
1534 4435279 4462
1535 4439741 2442
1536 4442183 1756
1537 4443939 3100
1538 4447039 3539
1539 4450578 2805
1540 4453383 5252
1541 4458635 1189
1542 4459824 1175
1543 4460999 3127
1544 4464126 7634
1545 4471760 7667
1546 4479427 1202
1547 4480629 6049
1548 4486678 1705
1549 4488383 2342
1550 4490725 4851
1551 4495576 1736
1552 4497312 3370
1553 4500682 1940
1554 4502622 1184
1555 4503806 2654
1556 4506460 683
1557 4507143 2813
1558 4509956 5223
1559 4515179 1669
1560 4516848 2847
1561 4519695 4175
1562 4523870 1264
1563 4525134 1124
1564 4526258 1631
1565 4527889 1195
1566 4529084 1675
1567 4530759 837
1568 4531596 878
1569 4532474 3840
1570 4536314 843
1571 4537157 3127
1572 4540284 7858
1573 4548142 2560
1574 4550702 1519
1575 4552221 3174
1576 4555395 1171
1577 4556566 2712
1578 4559278 2364
1579 4561642 1359
1580 4563001 1042
1581 4564043 3085
1582 4567128 1477
1583 4568605 8366
1584 4576971 1476
1585 4578447 2069
1586 4580516 969
1587 4581485 1679
1588 4583164 1638
1589 4584802 927
1590 4585729 9659
1591 4595388 3972
1592 4599360 2702
1593 4602062 734
1594 4602796 5959
1595 4608755 3335
1596 4612090 8952
1597 4621042 4024
1598 4625066 2050
1599 4627116 3431
1600 4630547 7597
1601 4638144 2641
1602 4640785 2738
1603 4643523 9669
1604 4653192 19346
1605 4672538 3117
1606 4675655 2754
1607 4678409 5377
1608 4683786 2262
1609 4686048 4268
1610 4690316 6597
1611 4696913 971
1612 4697884 4890
1613 4702774 8289
1614 4711063 5356
1615 4716419 6687
1616 4723106 931
1617 4724037 3796
1618 4727833 2960
1619 4730793 3595
1620 4734388 2551
1621 4736939 3711
1622 4740650 4697
1623 4745347 9641
1624 4754988 9648
1625 4764636 11540
1626 4776176 2164
1627 4778340 4807
1628 4783147 3029
1629 4786176 1659
1630 4787835 5797
1631 4793632 2042
1632 4795674 1934
1633 4797608 8403
1634 4806011 8806
1635 4814817 2769
1636 4817586 4504
1637 4822090 3159
1638 4825249 1955
1639 4827204 10660
1640 4837864 6293
1641 4844157 4894
1642 4849051 5317
1643 4854368 1331
1644 4855699 1867
1645 4857566 3616
1646 4861182 3715
1647 4864897 2544
1648 4867441 7699
1649 4875140 7016
1650 4882156 6499
1651 4888655 8813
1652 4897468 3164
1653 4900632 2824
1654 4903456 1857
1655 4905313 7074
1656 4912387 3425
1657 4915812 2664
1658 4918476 1176
1659 4919652 11650
1660 4931302 10854
1661 4942156 9915
1662 4952071 6950
1663 4959021 8950
1664 4967971 2306
1665 4970277 533
1666 4970810 2788
1667 4973598 636
1668 4974234 6386
1669 4980620 4313
1670 4984933 2335
1671 4987268 9206
1672 4996474 6534
1673 5003008 1575
1674 5004583 7427
1675 5012010 2746
1676 5014756 7697
1677 5022453 4488
1678 5026941 2953
1679 5029894 6323
1680 5036217 9267
1681 5045484 2987
1682 5048471 4399
1683 5052870 3911
1684 5056781 1729
1685 5058510 6531
1686 5065041 5488
1687 5070529 5247
1688 5075776 8043
1689 5083819 1851
1690 5085670 2833
1691 5088503 7407
1692 5095910 1300
1693 5097210 1078
1694 5098288 9080
1695 5107368 11269
1696 5118637 9254
1697 5127891 16009
1698 5143900 8756
1699 5152656 8448
1700 5161104 7383
1701 5168487 11294
1702 5179781 19507
1703 5199288 13557
1704 5212845 5485
1705 5218330 493
1706 5218823 833
1707 5219656 3197
1708 5222853 7343
1709 5230196 540
1710 5230736 1538
1711 5232274 3460
1712 5235734 2104
1713 5237838 9170
1714 5247008 8024
1715 5255032 8567
1716 5263599 4692
1717 5268291 2690
1718 5270981 4084
1719 5275065 7153
1720 5282218 3408
1721 5285626 2835
1722 5288461 680
1723 5289141 1053
1724 5290194 1641
1725 5291835 6679
1726 5298514 1349
1727 5299863 11452
1728 5311315 6349
1729 5317664 4440
1730 5322104 25807
1731 5347911 3751
1732 5351662 5144
1733 5356806 8407
1734 5365213 9774
1735 5374987 4634
1736 5379621 9600
1737 5389221 12848
1738 5402069 4693
1739 5406762 10961
1740 5417723 5112
1741 5422835 1758
1742 5424593 3817
1743 5428410 4768
1744 5433178 3711
1745 5436889 10719
1746 5447608 9917
1747 5457525 6851
1748 5464376 6112
1749 5470488 6590
1750 5477078 5808
1751 5482886 4101
1752 5486987 3910
1753 5490897 3506
1754 5494403 3845
1755 5498248 3335
1756 5501583 12279
1757 5513862 12846
1758 5526708 4232
1759 5530940 2864
1760 5533804 5575
1761 5539379 15921
1762 5555300 4296
1763 5559596 720
1764 5560316 1205
1765 5561521 4413
1766 5565934 4387
1767 5570321 2092
1768 5572413 13041
1769 5585454 8837
1770 5594291 7750
1771 5602041 10701
1772 5612742 7008
1773 5619750 8951
1774 5628701 2345
1775 5631046 8167
1776 5639213 8299
1777 5647512 3900
1778 5651412 5760
1779 5657172 13747
1780 5670919 532
1781 5671451 1536
1782 5672987 3091
1783 5676078 617
1784 5676695 651
1785 5677346 624
1786 5677970 669
1787 5678639 651
1788 5679290 627
1789 5679917 597
1790 5680514 620
1791 5681134 654
1792 5681788 664
1793 5682452 634
1794 5683086 629
1795 5683715 632
1796 5684347 632
1797 5684979 632
1798 5685611 629
1799 5686240 623
1800 5686863 634
1801 5687497 638
1802 5688135 650
1803 5688785 633
1804 5689418 620
1805 5690038 626
1806 5690664 679
1807 5691343 622
1808 5691965 365
1809 5692330 667
1810 5692997 652
1811 5693649 568
1812 5694217 632
1813 5694849 630
1814 5695479 672
1815 5696151 629
1816 5696780 625
1817 5697405 550
1818 5697955 620
1819 5698575 635
1820 5699210 620
1821 5699830 621
1822 5700451 620
1823 5701071 626
1824 5701697 654
1825 5702351 663
1826 5703014 630
1827 5703644 620
1828 5704264 289
1829 5704553 306
1830 5704859 633
1831 5705492 283
1832 5705775 305
1833 5706080 661
1834 5706741 628
1835 5707369 655
1836 5708024 629
1837 5708653 635
1838 5709288 630
1839 5709918 634
1840 5710552 654
1841 5711206 653
1842 5711859 632
1843 5712491 654
1844 5713145 650
1845 5713795 628
1846 5714423 625
1847 5715048 630
1848 5715678 627
1849 5716305 616
1850 5716921 620
1851 5717541 623
1852 5718164 631
1853 5718795 639
1854 5719434 631
1855 5720065 654
1856 5720719 596
1857 5721315 652
1858 5721967 637
1859 5722604 619
1860 5723223 633
1861 5723856 654
1862 5724510 631
1863 5725141 633
1864 5725774 630
1865 5726404 630
1866 5727034 661
1867 5727695 639
1868 5728334 654
1869 5728988 662
1870 5729650 620
1871 5730270 613
1872 5730883 624
1873 5731507 631
1874 5732138 639
1875 5732777 632
1876 5733409 635
1877 5734044 596
1878 5734640 654
1879 5735294 623
1880 5735917 634
1881 5736551 620
1882 5737171 654
1883 5737825 627
1884 5738452 637
1885 5739089 654
1886 5739743 614
1887 5740357 624
1888 5740981 632
1889 5741613 641
1890 5742254 633
1891 5742887 630
1892 5743517 598
1893 5744115 652
1894 5744767 636
1895 5745403 618
1896 5746021 654
1897 5746675 628
1898 5747303 637
1899 5747940 702
1900 5748642 639
1901 5749281 653
1902 5749934 615
1903 5750549 595
1904 5751144 617
1905 5751761 625
1906 5752386 632
1907 5753018 639
1908 5753657 632
1909 5754289 628
1910 5754917 635
1911 5755552 620
1912 5756172 653
1913 5756825 653
1914 5757478 625
1915 5758103 625
1916 5758728 653
1917 5759381 615
1918 5759996 628
1919 5760624 632
1920 5761256 641
1921 5761897 632
1922 5762529 629
1923 5763158 595
1924 5763753 653
1925 5764406 635
1926 5765041 616
1927 5765657 624
1928 5766281 633
1929 5766914 623
1930 5767537 626
1931 5768163 632
1932 5768795 643
1933 5769438 633
1934 5770071 630
1935 5770701 687
1936 5771388 620
1937 5772008 676
1938 5772684 668
1939 5773352 625
1940 5773977 635
1941 5774612 628
1942 5775240 617
1943 5775857 626
1944 5776483 627
1945 5777110 642
1946 5777752 632
1947 5778384 661
1948 5779045 621
1949 5779666 642
1950 5780308 635
1951 5780943 619
1952 5781562 656
1953 5782218 613
1954 5782831 625
1955 5783456 632
1956 5784088 636
1957 5784724 634
1958 5785358 618
1959 5785976 621
1960 5786597 611
1961 5787208 635
1962 5787843 633
1963 5788476 615
1964 5789091 627
1965 5789718 632
1966 5790350 642
1967 5790992 632
1968 5791624 661
1969 5792285 618
1970 5792903 684
1971 5793587 608
1972 5794195 633
1973 5794828 671
1974 5795499 627
1975 5796126 622
1976 5796748 628
1977 5797376 632
1978 5798008 614
1979 5798622 626
1980 5799248 632
1981 5799880 686
1982 5800566 617
1983 5801183 630
1984 5801813 638
1985 5802451 650
1986 5803101 613
1987 5803714 627
1988 5804341 627
1989 5804968 639
1990 5805607 636
1991 5806243 648
1992 5806891 644
1993 5807535 634
1994 5808169 616
1995 5808785 638
1996 5809423 655
1997 5810078 654
1998 5810732 597
1999 5811329 656
2000 5811985 616
2001 5812601 634
2002 5813235 619
2003 5813854 621
2004 5814475 654
2005 5815129 632
2006 5815761 691
2007 5816452 636
2008 5817088 5675
2009 5822763 2559
2010 5825322 8589
2011 5833911 7412
2012 5841323 2426
2013 5843749 1470
2014 5845219 1650
2015 5846869 2683
2016 5849552 2591
2017 5852143 2262
2018 5854405 3073
2019 5857478 2079
2020 5859557 2997
2021 5862554 6965
2022 5869519 6371
2023 5875890 6903
2024 5882793 6782
2025 5889575 3954
2026 5893529 8135
2027 5901664 7796
2028 5909460 3126
2029 5912586 1809
2030 5914395 2993
2031 5917388 1625
2032 5919013 3035
2033 5922048 3446
2034 5925494 1870
2035 5927364 1537
2036 5928901 4781
2037 5933682 1754
2038 5935436 1528
2039 5936964 2474
2040 5939438 3625
2041 5943063 2073
2042 5945136 1468
2043 5946604 2821
2044 5949425 7827
2045 5957252 3342
2046 5960594 3635
2047 5964229 8884
2048 5973113 3743
2049 5976856 2834
2050 5979690 2211
2051 5981901 3577
2052 5985478 3504
2053 5988982 2080
2054 5991062 1609
2055 5992671 1803
2056 5994474 6369
2057 6000843 3208
2058 6004051 2244
2059 6006295 1869
2060 6008164 3431
2061 6011595 2014
2062 6013609 4159
2063 6017768 2723
2064 6020491 3766
2065 6024257 1755
2066 6026012 1546
2067 6027558 1555
2068 6029113 1627
2069 6030740 3657
2070 6034397 2742
2071 6037139 3969
2072 6041108 2388
2073 6043496 2402
2074 6045898 2596
2075 6048494 2379
2076 6050873 2541
2077 6053414 23260
2078 6076674 3221
2079 6079895 3623
2080 6083518 6325
2081 6089843 3094
2082 6092937 3302
2083 6096239 3415
2084 6099654 5242
2085 6104896 1617
2086 6106513 2594
2087 6109107 3424
2088 6112531 2455
2089 6114986 1083
2090 6116069 2366
2091 6118435 5086
2092 6123521 4230
2093 6127751 3780
2094 6131531 2642
2095 6134173 5423
2096 6139596 2530
2097 6142126 3792
2098 6145918 1102
2099 6147020 5317
2100 6152337 1445
2101 6153782 1217
2102 6154999 2047
2103 6157046 7446
2104 6164492 3332
2105 6167824 2540
2106 6170364 3762
2107 6174126 1657
2108 6175783 2707
2109 6178490 520
2110 6179010 4156
2111 6183166 6078
2112 6189244 1744
2113 6190988 3599
2114 6194587 2461
2115 6197048 5786
2116 6202834 7772
2117 6210606 4945
2118 6215551 913
2119 6216464 1279
2120 6217743 2039
2121 6219782 4071
2122 6223853 3500
2123 6227353 612
2124 6227965 4065
2125 6232030 2916
2126 6234946 2859
2127 6237805 3511
2128 6241316 5618
2129 6246934 4653
2130 6251587 5100
2131 6256687 2713
2132 6259400 9174
2133 6268574 9412
2134 6277986 5554
2135 6283540 7361
2136 6290901 3494
2137 6294395 3740
2138 6298135 2614
2139 6300749 8372
2140 6309121 1314
2141 6310435 1890
2142 6312325 3094
2143 6315419 4566
2144 6319985 2031
2145 6322016 1207
2146 6323223 1227
2147 6324450 5295
2148 6329745 2789
2149 6332534 4022
2150 6336556 1144
2151 6337700 2030
2152 6339730 1345
2153 6341075 2900
2154 6343975 1592
2155 6345567 5304
2156 6350871 745
2157 6351616 540
2158 6352156 869
2159 6353025 680
2160 6353705 541
2161 6354246 579
2162 6354825 1349
2163 6356174 3532
2164 6359706 3747
2165 6363453 520
2166 6363973 2093
2167 6366066 1346
2168 6367412 3404
2169 6370816 3276
2170 6374092 5332
2171 6379424 3018
2172 6382442 3819
2173 6386261 3298
2174 6389559 3047
2175 6392606 1943
2176 6394549 3206
2177 6397755 3785
2178 6401540 10083
2179 6411623 2059
2180 6413682 3832
2181 6417514 3456
2182 6420970 4226
2183 6425196 1525
2184 6426721 1466
2185 6428187 2361
2186 6430548 1958
2187 6432506 3110
2188 6435616 2769
2189 6438385 2396
2190 6440781 3345
2191 6444126 3696
2192 6447822 6362
2193 6454184 1493
2194 6455677 2690
2195 6458367 2099
2196 6460466 3114
2197 6463580 1608
2198 6465188 8520
2199 6473708 3509
2200 6477217 3396
2201 6480613 7921
2202 6488534 8205
2203 6496739 8642
2204 6505381 5691
2205 6511072 7424
2206 6518496 7087
2207 6525583 5496
2208 6531079 1800
2209 6532879 6429
2210 6539308 9041
2211 6548349 3869
2212 6552218 2732
2213 6554950 2402
2214 6557352 3866
2215 6561218 4814
2216 6566032 4267
2217 6570299 3252
2218 6573551 7057
2219 6580608 8580
2220 6589188 8493
2221 6597681 2801
2222 6600482 650
2223 6601132 4194
2224 6605326 8140
2225 6613466 8341
2226 6621807 5412
2227 6627219 7602
2228 6634821 2903
2229 6637724 1063
2230 6638787 3057
2231 6641844 10604
2232 6652448 7567
2233 6660015 7620
2234 6667635 1044
2235 6668679 2972
2236 6671651 8031
2237 6679682 6945
2238 6686627 4065
2239 6690692 1035
2240 6691727 9583
2241 6701310 9634
2242 6710944 2709
2243 6713653 3797
2244 6717450 5694
2245 6723144 14786
2246 6737930 3048
2247 6740978 4459
2248 6745437 7895
2249 6753332 6502
2250 6759834 2510
2251 6762344 3869
2252 6766213 3804
2253 6770017 3389
2254 6773406 5081
2255 6778487 2243
2256 6780730 1109
2257 6781839 1366
2258 6783205 3998
2259 6787203 993
2260 6788196 3489
2261 6791685 3303
2262 6794988 3678
2263 6798666 3279
2264 6801945 2467
2265 6804412 989
2266 6805401 1264
2267 6806665 8069
2268 6814734 7015
2269 6821749 4486
2270 6826235 7300
2271 6833535 998
2272 6834533 3332
2273 6837865 9073
2274 6846938 2150
2275 6849088 6298
2276 6855386 6289
2277 6861675 1145
2278 6862820 833
2279 6863653 6803
2280 6870456 3584
2281 6874040 2683
2282 6876723 1600
2283 6878323 3088
2284 6881411 1189
2285 6882600 594
2286 6883194 1580
2287 6884774 1651
2288 6886425 1577
2289 6888002 8831
2290 6896833 4446
2291 6901279 2937
2292 6904216 620
2293 6904836 7702
2294 6912538 4060
2295 6916598 12567
2296 6929165 4941
2297 6934106 2540
2298 6936646 6326
2299 6942972 2637
2300 6945609 316
2301 6945925 2366
2302 6948291 3873
2303 6952164 2835
2304 6954999 13578
2305 6968577 7949
2306 6976526 1926
2307 6978452 2797
2308 6981249 1948
2309 6983197 1866
2310 6985063 3488
2311 6988551 2233
2312 6990784 3075
2313 6993859 2008
2314 6995867 1846
2315 6997713 2208
2316 6999921 2954
2317 7002875 2874
2318 7005749 1947
2319 7007696 2621
2320 7010317 3338
2321 7013655 2185
2322 7015840 1928
2323 7017768 1791
2324 7019559 2103
2325 7021662 4519
2326 7026181 3915
2327 7030096 3817
2328 7033913 3024
2329 7036937 2469
2330 7039406 2584
2331 7041990 2349
2332 7044339 2390
2333 7046729 331
2334 7047060 5882
2335 7052942 9971
2336 7062913 2825
2337 7065738 977
2338 7066715 4441
2339 7071156 7189
2340 7078345 316
2341 7078661 3216
2342 7081877 2689
2343 7084566 2396
2344 7086962 2615
2345 7089577 3586
2346 7093163 4371
2347 7097534 2628
2348 7100162 5009
2349 7105171 2767
2350 7107938 8245
2351 7116183 2770
2352 7118953 6305
2353 7125258 2464
2354 7127722 1237
2355 7128959 17858
2356 7146817 9891
2357 7156708 2978
2358 7159686 3261
2359 7162947 5905
2360 7168852 3500
2361 7172352 1959
2362 7174311 3097
2363 7177408 4512
2364 7181920 4393
2365 7186313 3737
2366 7190050 3009
2367 7193059 24593
2368 7217652 11350
2369 7229002 16342
2370 7245344 30745
2371 7276089 3803
2372 7279892 3742
2373 7283634 4255
2374 7287889 14612
2375 7302501 2628
2376 7305129 2731
2377 7307860 3475
2378 7311335 4179
2379 7315514 3800
2380 7319314 3075
2381 7322389 1695
2382 7324084 4310
2383 7328394 4003
2384 7332397 4165
2385 7336562 3549
2386 7340111 3649
2387 7343760 3811
2388 7347571 4010
2389 7351581 3477
2390 7355058 3769
2391 7358827 3096
2392 7361923 3138
2393 7365061 4067
2394 7369128 3273
2395 7372401 3413
2396 7375814 3459
2397 7379273 3521
2398 7382794 4679
2399 7387473 1516
2400 7388989 3419
2401 7392408 5071
2402 7397479 3295
2403 7400774 3736
2404 7404510 3486
2405 7407996 2742
2406 7410738 3244
2407 7413982 3652
2408 7417634 3201
2409 7420835 3556
2410 7424391 18945
2411 7443336 4522
2412 7447858 3787
2413 7451645 3627
2414 7455272 4335
2415 7459607 1244
2416 7460851 938
2417 7461789 2966
2418 7464755 4077
2419 7468832 3555
2420 7472387 3534
2421 7475921 2618
2422 7478539 1115
2423 7479654 4228
2424 7483882 19820
2425 7503702 3335
2426 7507037 4821
2427 7511858 3321
2428 7515179 3281
2429 7518460 3653
2430 7522113 1485
2431 7523598 1209
2432 7524807 1785
2433 7526592 4562
2434 7531154 1088
2435 7532242 4229
2436 7536471 1832
2437 7538303 2154
2438 7540457 4964
2439 7545421 2638
2440 7548059 2608
2441 7550667 368
2442 7551035 1534
2443 7552569 1507
2444 7554076 2196
2445 7556272 1500
2446 7557772 1088
2447 7558860 2674
2448 7561534 1022
2449 7562556 336
2450 7562892 4584
2451 7567476 1291
2452 7568767 900
2453 7569667 3925
2454 7573592 1347
2455 7574939 3135
2456 7578074 2630
2457 7580704 1296
2458 7582000 1245
2459 7583245 2505
2460 7585750 1204
2461 7586954 8156
2462 7595110 597
2463 7595707 1342
2464 7597049 7422
2465 7604471 3875
2466 7608346 7016
2467 7615362 4929
2468 7620291 1667
2469 7621958 1601
2470 7623559 2044
2471 7625603 1349
2472 7626952 513
2473 7627465 1362
2474 7628827 2304
2475 7631131 1545
2476 7632676 11565
2477 7644241 2060
2478 7646301 823
2479 7647124 925
2480 7648049 1066
2481 7649115 1831
2482 7650946 722
2483 7651668 11578
2484 7663246 1789
2485 7665035 2971
2486 7668006 3752
2487 7671758 956
2488 7672714 2216
2489 7674930 1235
2490 7676165 4769
2491 7680934 317
2492 7681251 7062
2493 7688313 1049
2494 7689362 1788
2495 7691150 2573
2496 7693723 1491
2497 7695214 1252
2498 7696466 6686
2499 7703152 3546
2500 7706698 1013
2501 7707711 3541
2502 7711252 1659
2503 7712911 3002
2504 7715913 1326
2505 7717239 515
2506 7717754 782
2507 7718536 4843
2508 7723379 1240
2509 7724619 6453
2510 7731072 2698
2511 7733770 450
2512 7734220 4249
2513 7738469 527
2514 7738996 1493
2515 7740489 2132
2516 7742621 2802
2517 7745423 3182
2518 7748605 1382
2519 7749987 1540
2520 7751527 1142
2521 7752669 1457
2522 7754126 2356
2523 7756482 597
2524 7757079 3692
2525 7760771 2011
2526 7762782 3227
2527 7766009 2872
2528 7768881 7588
2529 7776469 421
2530 7776890 523
2531 7777413 11271
2532 7788684 4502
2533 7793186 3687
2534 7796873 9037
2535 7805910 3418
2536 7809328 2062
2537 7811390 2012
2538 7813402 7142
2539 7820544 6475
2540 7827019 3701
2541 7830720 2257
2542 7832977 14980
2543 7847957 6425
2544 7854382 1339
2545 7855721 1986
2546 7857707 2948
2547 7860655 2595
2548 7863250 2147
2549 7865397 1599
2550 7866996 751
2551 7867747 1401
2552 7869148 745
2553 7869893 397
2554 7870290 3998
2555 7874288 3073
2556 7877361 4175
2557 7881536 7618
2558 7889154 5448
2559 7894602 1366
2560 7895968 1183
2561 7897151 939
2562 7898090 1869
2563 7899959 2430
2564 7902389 5507
2565 7907896 2521
2566 7910417 8111
2567 7918528 2481
2568 7921009 926
2569 7921935 857
2570 7922792 1653
2571 7924445 2249
2572 7926694 7297
2573 7933991 1651
2574 7935642 4779
2575 7940421 2467
2576 7942888 3648
2577 7946536 2703
2578 7949239 6979
2579 7956218 2314
2580 7958532 3033
2581 7961565 4615
2582 7966180 2533
2583 7968713 2895
2584 7971608 1916
2585 7973524 1285
2586 7974809 4748
2587 7979557 1645
2588 7981202 1014
2589 7982216 1613
2590 7983829 1811
2591 7985640 4620
2592 7990260 1684
2593 7991944 2696
2594 7994640 9360
2595 8004000 1888
2596 8005888 2645
2597 8008533 9101
2598 8017634 3562
2599 8021196 6169
2600 8027365 3380
2601 8030745 2967
2602 8033712 7893
2603 8041605 1745
2604 8043350 2212
2605 8045562 1658
2606 8047220 974
2607 8048194 2399
2608 8050593 1690
2609 8052283 1792
2610 8054075 15090
2611 8069165 7398
2612 8076563 3154
2613 8079717 1686
2614 8081403 1422
2615 8082825 7699
2616 8090524 2003
2617 8092527 2125
2618 8094652 1795
2619 8096447 1697
2620 8098144 2088
2621 8100232 1168
2622 8101400 3144
2623 8104544 5177
2624 8109721 5568
2625 8115289 4702
2626 8119991 5539
2627 8125530 1881
2628 8127411 3885
2629 8131296 6083
2630 8137379 4438
2631 8141817 975
2632 8142792 792
2633 8143584 4176
2634 8147760 2673
2635 8150433 2962
2636 8153395 1256
2637 8154651 1949
2638 8156600 2322
2639 8158922 2740
2640 8161662 2308
2641 8163970 1295
2642 8165265 4703
2643 8169968 4584
2644 8174552 3581
2645 8178133 3134
2646 8181267 4108
2647 8185375 4507
2648 8189882 2777
2649 8192659 3825
2650 8196484 2312
2651 8198796 1743
2652 8200539 2301
2653 8202840 20502
2654 8223342 3314
2655 8226656 4086
2656 8230742 1921
2657 8232663 8736
2658 8241399 2680
2659 8244079 5319
2660 8249398 5351
2661 8254749 3691
2662 8258440 4172
2663 8262612 5934
2664 8268546 3031
2665 8271577 5464
2666 8277041 1740
2667 8278781 2623
2668 8281404 5034
2669 8286438 4791
2670 8291229 3314
2671 8294543 5422
2672 8299965 5493
2673 8305458 4280
2674 8309738 2540
2675 8312278 4414
2676 8316692 7402
2677 8324094 4733
2678 8328827 904
2679 8329731 795
2680 8330526 2236
2681 8332762 1781
2682 8334543 939
2683 8335482 1841
2684 8337323 12139
2685 8349462 4437
2686 8353899 6890
2687 8360789 9983
2688 8370772 1118
2689 8371890 3382
2690 8375272 1404
2691 8376676 3518
2692 8380194 5368
2693 8385562 5543
2694 8391105 2581
2695 8393686 5171
2696 8398857 1316
2697 8400173 9375
2698 8409548 3290
2699 8412838 1549
2700 8414387 3321
2701 8417708 1883
2702 8419591 3278
2703 8422869 5114
2704 8427983 2133
2705 8430116 5833
2706 8435949 4218
2707 8440167 4919
2708 8445086 1978
2709 8447064 3143
2710 8450207 2460
2711 8452667 7796
2712 8460463 2673
2713 8463136 2024
2714 8465160 6227
2715 8471387 4255
2716 8475642 4375
2717 8480017 3844
2718 8483861 6897
2719 8490758 3614
2720 8494372 3294
2721 8497666 4634
2722 8502300 5276
2723 8507576 4453
2724 8512029 3429
2725 8515458 4131
2726 8519589 1149
2727 8520738 7957
2728 8528695 4581
2729 8533276 4399
2730 8537675 4384
2731 8542059 4096
2732 8546155 5574
2733 8551729 7808
2734 8559537 2356
2735 8561893 2137
2736 8564030 2960
2737 8566990 2954
2738 8569944 4624
2739 8574568 5439
2740 8580007 3178
2741 8583185 4098
2742 8587283 5470
2743 8592753 4692
2744 8597445 5128
2745 8602573 2500
2746 8605073 2738
2747 8607811 2978
2748 8610789 8272
2749 8619061 1238
2750 8620299 780
2751 8621079 4158
2752 8625237 3354
2753 8628591 1554
2754 8630145 9959
2755 8640104 3078
2756 8643182 8765
2757 8651947 3973
2758 8655920 5255
2759 8661175 4942
2760 8666117 8594
2761 8674711 4807
2762 8679518 3930
2763 8683448 531
2764 8683979 4696
2765 8688675 4404
2766 8693079 3824
2767 8696903 5835
2768 8702738 7227
2769 8709965 6479
2770 8716444 2583
2771 8719027 3370
2772 8722397 977
2773 8723374 22921
2774 8746295 18591
2775 8764886 2593
2776 8767479 8487
2777 8775966 1656
2778 8777622 2404
2779 8780026 7146
2780 8787172 3349
2781 8790521 11024
2782 8801545 2885
2783 8804430 3521
2784 8807951 3232
2785 8811183 4846
2786 8816029 7275
2787 8823304 6913
2788 8830217 6202
2789 8836419 1084
2790 8837503 2795
2791 8840298 3456
2792 8843754 1056
2793 8844810 2447
2794 8847257 1563
2795 8848820 6354
2796 8855174 13635
2797 8868809 2107
2798 8870916 12963
2799 8883879 6480
2800 8890359 2888
2801 8893247 5042
2802 8898289 1973
2803 8900262 9055
2804 8909317 6574
2805 8915891 2490
2806 8918381 6456
2807 8924837 2006
2808 8926843 3126
2809 8929969 6329
2810 8936298 993
2811 8937291 947
2812 8938238 1157
2813 8939395 798
2814 8940193 6322
2815 8946515 2854
2816 8949369 5088
2817 8954457 9079
2818 8963536 7364
2819 8970900 1519
2820 8972419 651
2821 8973070 3294
2822 8976364 9180
2823 8985544 2889
2824 8988433 2227
2825 8990660 5724
2826 8996384 1310
2827 8997694 4422
2828 9002116 702
2829 9002818 2563
2830 9005381 1548
2831 9006929 1145
2832 9008074 2527
2833 9010601 4371
2834 9014972 2936
2835 9017908 5441
2836 9023349 5875
2837 9029224 4474
2838 9033698 2771
2839 9036469 2077
2840 9038546 1079
2841 9039625 817
2842 9040442 2648
2843 9043090 5792
2844 9048882 1817
2845 9050699 1744
2846 9052443 1216
2847 9053659 2236
2848 9055895 2441
2849 9058336 1403
2850 9059739 592
2851 9060331 5013
2852 9065344 6131
2853 9071475 11633
2854 9083108 1227
2855 9084335 2352
2856 9086687 2192
2857 9088879 5196
2858 9094075 2450
2859 9096525 3032
2860 9099557 20089
2861 9119646 2858
2862 9122504 1622
2863 9124126 1773
2864 9125899 1470
2865 9127369 7360
2866 9134729 4612
2867 9139341 12600
2868 9151941 2422
2869 9154363 1832
2870 9156195 1455
2871 9157650 3118
2872 9160768 1388
2873 9162156 3890
2874 9166046 1346
2875 9167392 2395
2876 9169787 1969
2877 9171756 3475
2878 9175231 980
2879 9176211 7329
2880 9183540 5219
2881 9188759 6579
2882 9195338 4443
2883 9199781 3708
2884 9203489 2759
2885 9206248 30932
2886 9237180 3971
2887 9241151 5296
2888 9246447 2854
2889 9249301 1974
2890 9251275 1235
2891 9252510 2571
2892 9255081 6719
2893 9261800 8225
2894 9270025 3721
2895 9273746 5026
2896 9278772 3506
2897 9282278 1894
2898 9284172 997
2899 9285169 1416
2900 9286585 1175
2901 9287760 2104
2902 9289864 1304
2903 9291168 1743
2904 9292911 1813
2905 9294724 2187
2906 9296911 1809
2907 9298720 7672
2908 9306392 18360
2909 9324752 3884
2910 9328636 4416
2911 9333052 3351
2912 9336403 3554
2913 9339957 10518
2914 9350475 4070
2915 9354545 1224
2916 9355769 899
2917 9356668 1511
2918 9358179 972
2919 9359151 1980
2920 9361131 4469
2921 9365600 1637
2922 9367237 6249
2923 9373486 7705
2924 9381191 2000
2925 9383191 4010
2926 9387201 2680
2927 9389881 4778
2928 9394659 8855
2929 9403514 4984
2930 9408498 7982
2931 9416480 4792
2932 9421272 10046
2933 9431318 2219
2934 9433537 1624
2935 9435161 2108
2936 9437269 1883
2937 9439152 2444
2938 9441596 2902
2939 9444498 2590
2940 9447088 13309
2941 9460397 2497
2942 9462894 2268
2943 9465162 3094
2944 9468256 10168
2945 9478424 4728
2946 9483152 7008
2947 9490160 3668
2948 9493828 3435
2949 9497263 2855
2950 9500118 5886
2951 9506004 3092
2952 9509096 5867
2953 9514963 4781
2954 9519744 13743
2955 9533487 3839
2956 9537326 2978
2957 9540304 1632
2958 9541936 8117
2959 9550053 5700
2960 9555753 12511
2961 9568264 3824
2962 9572088 2213
2963 9574301 5476
2964 9579777 7936
2965 9587713 10151
2966 9597864 3611
2967 9601475 3397
2968 9604872 2193
2969 9607065 3792
2970 9610857 2039
2971 9612896 1492
2972 9614388 7387
2973 9621775 1029
2974 9622804 953
2975 9623757 1686
2976 9625443 3287
2977 9628730 1834
2978 9630564 4070
2979 9634634 4036
2980 9638670 1406
2981 9640076 4929
2982 9645005 2611
2983 9647616 1762
2984 9649378 1985
2985 9651363 1494
2986 9652857 5139
2987 9657996 7832
2988 9665828 11015
2989 9676843 1840
2990 9678683 7275
2991 9685958 3696
2992 9689654 7934
2993 9697588 486
2994 9698074 2502
2995 9700576 3089
2996 9703665 3887
2997 9707552 757
2998 9708309 879
2999 9709188 5680
3000 9714868 1492
3001 9716360 2146
3002 9718506 2626
3003 9721132 3674
3004 9724806 3278
3005 9728084 2094
3006 9730178 4834
3007 9735012 10150
3008 9745162 595
3009 9745757 3172
3010 9748929 3461
3011 9752390 3771
3012 9756161 9864
3013 9766025 1639
3014 9767664 3131
3015 9770795 3676
3016 9774471 1990
3017 9776461 4402
3018 9780863 1372
3019 9782235 9461
3020 9791696 4584
3021 9796280 2589
3022 9798869 3583
3023 9802452 1811
3024 9804263 1491
3025 9805754 1513
3026 9807267 4724
3027 9811991 2899
3028 9814890 8567
3029 9823457 5314
3030 9828771 3049
3031 9831820 7132
3032 9838952 1202
3033 9840154 2809
3034 9842963 2596
3035 9845559 1956
3036 9847515 532
3037 9848047 5889
3038 9853936 525
3039 9854461 2081
3040 9856542 6633
3041 9863175 5888
3042 9869063 2526
3043 9871589 3080
3044 9874669 8947
3045 9883616 3622
3046 9887238 3046
3047 9890284 8962
3048 9899246 4046
3049 9903292 3399
3050 9906691 3644
3051 9910335 1473
3052 9911808 4488
3053 9916296 1028
3054 9917324 1782
3055 9919106 5602
3056 9924708 2101
3057 9926809 1802
3058 9928611 15860
3059 9944471 5939
3060 9950410 2260
3061 9952670 2624
3062 9955294 5409
3063 9960703 3928
3064 9964631 13777
3065 9978408 3832
3066 9982240 1855
3067 9984095 3645
3068 9987740 6600
3069 9994340 2967
3070 9997307 571
3071 9997878 4696
3072 10002574 4562
3073 10007136 2716
3074 10009852 4749
3075 10014601 2164
3076 10016765 746
3077 10017511 2686
3078 10020197 2754
3079 10022951 1926
3080 10024877 2445
3081 10027322 7171
3082 10034493 1563
3083 10036056 1154
3084 10037210 1154
3085 10038364 1146
3086 10039510 1129
3087 10040639 8089
3088 10048728 5555
3089 10054283 1329
3090 10055612 2013
3091 10057625 4764
3092 10062389 6794
3093 10069183 8195
3094 10077378 3925
3095 10081303 1253
3096 10082556 8865
3097 10091421 6025
3098 10097446 2069
3099 10099515 4464
3100 10103979 1951
3101 10105930 2409
3102 10108339 1277
3103 10109616 2930
3104 10112546 2164
3105 10114710 3021
3106 10117731 2603
3107 10120334 1521
3108 10121855 3416
3109 10125271 1663
3110 10126934 6381
3111 10133315 2475
3112 10135790 2162
3113 10137952 5081
3114 10143033 8577
3115 10151610 5199
3116 10156809 1472
3117 10158281 2475
3118 10160756 2371
3119 10163127 1829
3120 10164956 3512
3121 10168468 3936
3122 10172404 446
3123 10172850 9613
3124 10182463 2471
3125 10184934 2093
3126 10187027 2441
3127 10189468 2665
3128 10192133 8007
3129 10200140 5239
3130 10205379 5957
3131 10211336 4569
3132 10215905 2505
3133 10218410 2493
3134 10220903 7424
3135 10228327 1787
3136 10230114 1930
3137 10232044 646
3138 10232690 487
3139 10233177 610
3140 10233787 2582
3141 10236369 2524
3142 10238893 1927
3143 10240820 5779
3144 10246599 2042
3145 10248641 3830
3146 10252471 2393
3147 10254864 1583
3148 10256447 3018
3149 10259465 1785
3150 10261250 8316
3151 10269566 1705
3152 10271271 1108
3153 10272379 6218
3154 10278597 9216
3155 10287813 11709
3156 10299522 2085
3157 10301607 6514
3158 10308121 5829
3159 10313950 5990
3160 10319940 1235
3161 10321175 9994
3162 10331169 5516
3163 10336685 3049
3164 10339734 2002
3165 10341736 2329
3166 10344065 1832
3167 10345897 1426
3168 10347323 1506
3169 10348829 1571
3170 10350400 1645
3171 10352045 3467
3172 10355512 2557
3173 10358069 15285
3174 10373354 6162
3175 10379516 2562
3176 10382078 2767
3177 10384845 1390
3178 10386235 4983
3179 10391218 1408
3180 10392626 1704
3181 10394330 1842
3182 10396172 2882
3183 10399054 8175
3184 10407229 7526
3185 10414755 3497
3186 10418252 9757
3187 10428009 1651
3188 10429660 958
3189 10430618 1031
3190 10431649 15099
3191 10446748 7797
3192 10454545 2865
3193 10457410 2741
3194 10460151 1219
3195 10461370 11869
3196 10473239 5363
3197 10478602 5906
3198 10484508 1772
3199 10486280 22677
3200 10508957 1513
3201 10510470 6627
3202 10517097 6420
3203 10523517 1307
3204 10524824 5529
3205 10530353 1252
3206 10531605 1968
3207 10533573 2676
3208 10536249 2432
3209 10538681 1228
3210 10539909 6832
3211 10546741 3181
3212 10549922 2608
3213 10552530 5256
3214 10557786 1929
3215 10559715 2584
3216 10562299 4789
3217 10567088 4742
3218 10571830 4501
3219 10576331 3102
3220 10579433 7709
3221 10587142 5827
3222 10592969 3543
3223 10596512 3358
3224 10599870 2380
3225 10602250 3509
3226 10605759 2189
3227 10607948 2054
3228 10610002 9203
3229 10619205 5424
3230 10624629 7540
3231 10632169 5456
3232 10637625 4874
3233 10642499 8282
3234 10650781 11967
3235 10662748 6347
3236 10669095 1448
3237 10670543 1873
3238 10672416 991
3239 10673407 5315
3240 10678722 2968
3241 10681690 686
3242 10682376 4206
3243 10686582 831
3244 10687413 3164
3245 10690577 749
3246 10691326 936
3247 10692262 4244
3248 10696506 1291
3249 10697797 1823
3250 10699620 1164
3251 10700784 1652
3252 10702436 894
3253 10703330 2514
3254 10705844 4400
3255 10710244 4698
3256 10714942 1126
3257 10716068 2258
3258 10718326 972
3259 10719298 1988
3260 10721286 1209
3261 10722495 1499
3262 10723994 570
3263 10724564 3981
3264 10728545 1464
3265 10730009 4827
3266 10734836 2498
3267 10737334 2082
3268 10739416 2504
3269 10741920 2255
3270 10744175 3500
3271 10747675 1688
3272 10749363 1138
3273 10750501 2622
3274 10753123 2041
3275 10755164 1911
3276 10757075 4306
3277 10761381 14612
3278 10775993 2138
3279 10778131 6601
3280 10784732 13744
3281 10798476 9075
3282 10807551 3719
3283 10811270 4620
3284 10815890 3653
3285 10819543 5685
3286 10825228 1704
3287 10826932 4000
3288 10830932 1905
3289 10832837 9777
3290 10842614 6500
3291 10849114 2466
3292 10851580 4542
3293 10856122 7564
3294 10863686 2099
3295 10865785 3718
3296 10869503 4326
3297 10873829 1099
3298 10874928 2227
3299 10877155 793
3300 10877948 1107
3301 10879055 2950
3302 10882005 4422
3303 10886427 9690
3304 10896117 2202
3305 10898319 3177
3306 10901496 2112
3307 10903608 2293
3308 10905901 27054
3309 10932955 1906
3310 10934861 1786
3311 10936647 5386
3312 10942033 2513
3313 10944546 3424
3314 10947970 4788
3315 10952758 3739
3316 10956497 3392
3317 10959889 15500
3318 10975389 4156
3319 10979545 3609
3320 10983154 10169
3321 10993323 1694
3322 10995017 1515
3323 10996532 5880
3324 11002412 10972
3325 11013384 5266
3326 11018650 3868
3327 11022518 2211
3328 11024729 680
3329 11025409 1546
3330 11026955 4665
3331 11031620 2751
3332 11034371 1967
3333 11036338 8807
3334 11045145 6287
3335 11051432 5207
3336 11056639 1988
3337 11058627 6490
3338 11065117 2984
3339 11068101 2954
3340 11071055 7526
3341 11078581 1712
3342 11080293 2132
3343 11082425 2607
3344 11085032 1714
3345 11086746 7630
3346 11094376 3396
3347 11097772 3053
3348 11100825 1915
3349 11102740 5590
3350 11108330 8201
3351 11116531 3223
3352 11119754 593
3353 11120347 3672
3354 11124019 5139
3355 11129158 6925
3356 11136083 937
3357 11137020 2379
3358 11139399 4384
3359 11143783 3568
3360 11147351 2921
3361 11150272 5642
3362 11155914 5104
3363 11161018 7370
3364 11168388 1140
3365 11169528 3955
3366 11173483 1363
3367 11174846 3309
3368 11178155 4398
3369 11182553 4892
3370 11187445 2361
3371 11189806 6095
3372 11195901 2295
3373 11198196 1724
3374 11199920 15328
3375 11215248 5409
3376 11220657 1387
3377 11222044 5712
3378 11227756 1409
3379 11229165 4625
3380 11233790 9784
3381 11243574 1747
3382 11245321 3493
3383 11248814 3925
3384 11252739 7912
3385 11260651 3813
3386 11264464 14107
3387 11278571 767
3388 11279338 3235
3389 11282573 772
3390 11283345 6364
3391 11289709 5742
3392 11295451 10753
3393 11306204 4317
3394 11310521 3053
3395 11313574 6103
3396 11319677 6084
3397 11325761 1698
3398 11327459 6477
3399 11333936 3280
3400 11337216 6715
3401 11343931 9039
3402 11352970 1430
3403 11354400 2915
3404 11357315 1780
3405 11359095 6018
3406 11365113 6798
3407 11371911 6308
3408 11378219 6430
3409 11384649 9705
3410 11394354 9746
3411 11404100 1186
3412 11405286 719
3413 11406005 1152
3414 11407157 3802
3415 11410959 674
3416 11411633 5532
3417 11417165 1397
3418 11418562 2786
3419 11421348 2323
3420 11423671 5533
3421 11429204 12223
3422 11441427 2602
3423 11444029 26091
3424 11470120 3716
3425 11473836 4041
3426 11477877 12436
3427 11490313 4407
3428 11494720 3897
3429 11498617 14657
3430 11513274 12279
3431 11525553 3681
3432 11529234 1642
3433 11530876 9108
3434 11539984 1809
3435 11541793 718
3436 11542511 3237
3437 11545748 2862
3438 11548610 5825
3439 11554435 9624
3440 11564059 4049
3441 11568108 1140
3442 11569248 1791
3443 11571039 5506
3444 11576545 4603
3445 11581148 4549
3446 11585697 4400
3447 11590097 4376
3448 11594473 3681
3449 11598154 6170
3450 11604324 4197
3451 11608521 1111
3452 11609632 740
3453 11610372 8850
3454 11619222 3960
3455 11623182 7013
3456 11630195 1518
3457 11631713 2484
3458 11634197 1093
3459 11635290 1031
3460 11636321 1022
3461 11637343 5333
3462 11642676 11005
3463 11653681 753
3464 11654434 672
3465 11655106 4024
3466 11659130 10096
3467 11669226 3116
3468 11672342 858
3469 11673200 633
3470 11673833 994
3471 11674827 732
3472 11675559 1759
3473 11677318 12305
3474 11689623 4333
3475 11693956 11198
3476 11705154 3617
3477 11708771 8083
3478 11716854 11547
3479 11728401 2045
3480 11730446 3605
3481 11734051 5167
3482 11739218 5332
3483 11744550 5160
3484 11749710 6338
3485 11756048 1031
3486 11757079 7196
3487 11764275 2941
3488 11767216 4217
3489 11771433 6422
3490 11777855 2883
3491 11780738 1592
3492 11782330 2919
3493 11785249 3399
3494 11788648 1770
3495 11790418 5552
3496 11795970 9070
3497 11805040 2291
3498 11807331 8418
3499 11815749 6796
3500 11822545 6458
3501 11829003 3687
3502 11832690 3380
3503 11836070 2886
3504 11838956 3412
3505 11842368 468
3506 11842836 2166
3507 11845002 3924
3508 11848926 2908
3509 11851834 3577
3510 11855411 2694
3511 11858105 6559
3512 11864664 9420
3513 11874084 8437
3514 11882521 10524
3515 11893045 9691
3516 11902736 10273
3517 11913009 7955
3518 11920964 5471
3519 11926435 6241
3520 11932676 3548
3521 11936224 3987
3522 11940211 1555
3523 11941766 1660
3524 11943426 3149
3525 11946575 3511
3526 11950086 5934
3527 11956020 4591
3528 11960611 3481
3529 11964092 11601
3530 11975693 5149
3531 11980842 4803
3532 11985645 1068
3533 11986713 4164
3534 11990877 3655
3535 11994532 3440
3536 11997972 4555
3537 12002527 7983
3538 12010510 2243
3539 12012753 5535
3540 12018288 4375
3541 12022663 6529
3542 12029192 4787
3543 12033979 2165
3544 12036144 2141
3545 12038285 1491
3546 12039776 3311
3547 12043087 4593
3548 12047680 4132
3549 12051812 6233
3550 12058045 8575
3551 12066620 1851
3552 12068471 5778
3553 12074249 7272
3554 12081521 1283
3555 12082804 4105
3556 12086909 1624
3557 12088533 7292
3558 12095825 2752
3559 12098577 10137
3560 12108714 4290
3561 12113004 5802
3562 12118806 812
3563 12119618 3754
3564 12123372 1973
3565 12125345 1623
3566 12126968 2820
3567 12129788 947
3568 12130735 1124
3569 12131859 15577
3570 12147436 6432
3571 12153868 13963
3572 12167831 736
3573 12168567 2051
3574 12170618 2608
3575 12173226 2784
3576 12176010 1777
3577 12177787 20063
3578 12197850 9038
3579 12206888 3571
3580 12210459 3553
3581 12214012 3394
3582 12217406 3361
3583 12220767 429
3584 12221196 2546
3585 12223742 2908
3586 12226650 4107
3587 12230757 2968
3588 12233725 928
3589 12234653 3845
3590 12238498 28635
3591 12267133 4213
3592 12271346 7400
3593 12278746 9330
3594 12288076 30311
3595 12318387 19682
3596 12338069 949
3597 12339018 615
3598 12339633 2323
3599 12341956 1613
3600 12343569 4964
3601 12348533 3314
3602 12351847 4047
3603 12355894 2499
3604 12358393 4590
3605 12362983 1143
3606 12364126 2002
3607 12366128 668
3608 12366796 420
3609 12367216 2299
3610 12369515 852
3611 12370367 3541
3612 12373908 930
3613 12374838 2584
3614 12377422 3122
3615 12380544 329
3616 12380873 7213
3617 12388086 19030
3618 12407116 5701
3619 12412817 1301
3620 12414118 2178
3621 12416296 2346
3622 12418642 2607
3623 12421249 8998
3624 12430247 3646
3625 12433893 2357
3626 12436250 22094
3627 12458344 851
3628 12459195 394
3629 12459589 1150
3630 12460739 3843
3631 12464582 1134
3632 12465716 3537
3633 12469253 3249
3634 12472502 1576
3635 12474078 1345
3636 12475423 2015
3637 12477438 2156
3638 12479594 1312
3639 12480906 3894
3640 12484800 551
3641 12485351 6469
3642 12491820 2573
3643 12494393 3671
3644 12498064 819
3645 12498883 1270
3646 12500153 2416
3647 12502569 688
3648 12503257 787
3649 12504044 5016
