1 0 2817
2 2817 2706
3 5523 1250
4 6773 1106
5 7879 861
6 8740 981
7 9721 996
8 10717 2360
9 13077 1744
10 14821 1154
11 15975 904
12 16879 1135
13 18014 1359
14 19373 1000
15 20373 1951
16 22324 2627
17 24951 1277
18 26228 2744
19 28972 2820
20 31792 3001
21 34793 1064
22 35857 3629
24 42033 4298
25 46331 3334
26 49665 5885
27 55550 3303
28 58853 924
29 59777 2331
30 62108 4631
32 69055 798
33 69853 5809
34 75662 1238
35 76900 6019
36 82919 878
37 83797 1622
38 85419 877
39 86296 3278
40 89574 6421
41 95995 830
42 96825 3424
43 100249 4041
44 104290 1251
45 105541 1085
46 106626 1806
47 108432 1539
48 109971 2501
49 112472 2500
50 114972 1752
51 116724 1383
52 118107 2914
53 121021 2441
54 123462 1572
55 125034 1865
56 126899 1085
57 127984 955
58 128939 3368
59 132307 1962
60 134269 1933
61 136202 2228
62 138430 1958
63 140388 3128
64 143516 1798
65 145314 3201
67 152320 521
68 152841 1109
69 153950 814
70 154764 2572
71 157336 1061
72 158397 2284
73 160681 1866
74 162547 1428
75 163975 728
76 164703 1681
77 166384 2542
78 168926 1570
79 170496 2290
80 172786 2393
81 175179 2253
82 177432 1071
83 178503 2524
84 181027 1430
85 182457 4190
86 186647 2113
87 188760 1794
89 192807 4217
90 197024 541
91 197565 834
92 198399 2568
93 200967 4243
94 205210 3562
95 208772 908
97 213764 3518
98 217282 1225
99 218507 2399
100 220906 2659
101 223565 477
102 224042 3168
103 227210 2116
104 229326 10199
105 239525 1132
106 240657 1348
107 242005 5187
108 247192 2538
109 249730 6660
110 256390 7831
111 264221 1423
112 265644 1777
113 267421 2251
114 269672 3419
115 273091 1963
116 275054 2107
117 277161 6054
118 283215 2081
119 285296 1462
120 286758 1112
121 287870 3183
122 291053 6320
123 297373 1989
124 299362 2397
125 301759 2614
126 304373 2618
127 306991 3608
128 310599 1418
129 312017 8501
130 320518 3915
131 324433 1485
132 325918 10451
133 336369 4105
134 340474 7208
135 347682 10041
136 357723 3365
137 361088 6501
138 367589 4378
139 371967 4667
140 376634 2999
141 379633 1326
142 380959 3079
143 384038 1962
144 386000 1675
145 387675 1721
146 389396 3359
147 392755 2070
148 394825 2135
149 396960 989
150 397949 1899
151 399848 3963
152 403811 2204
153 406015 5404
154 411419 1750
155 413169 1902
156 415071 2550
157 417621 2200
159 422206 2192
160 424398 1799
161 426197 2389
162 428586 6024
163 434610 4960
164 439570 1634
165 441204 13681
166 454885 5378
167 460263 982
168 461245 14511
169 475756 1860
170 477616 1611
171 479227 1101
172 480328 1523
173 481851 1770
174 483621 6084
175 489705 2994
176 492699 3084
177 495783 2392
178 498175 1960
179 500135 2856
180 502991 5409
181 508400 15398
182 523798 7245
183 531043 3361
184 534404 3240
185 537644 2546
186 540190 2966
187 543156 1348
188 544504 2303
189 546807 5279
190 552086 1617
191 553703 1302
193 556715 1996
195 560781 2609
197 565424 1501
198 566925 1495
199 568420 1400
200 569820 2496
201 572316 670
202 572986 661
203 573647 684
204 574331 665
205 574996 704
206 575700 682
207 576382 693
208 577075 639
209 577714 634
210 578348 657
211 579005 642
212 579647 720
213 580367 688
214 581055 666
215 581721 634
216 582355 677
217 583032 630
218 583662 662
219 584324 647
220 584971 635
221 585606 655
222 586261 648
223 586909 658
224 587567 652
225 588219 670
226 588889 704
229 590934 667
230 591601 663
231 592264 682
232 592946 664
233 593610 670
234 594280 702
237 596329 699
238 597028 676
239 597704 700
241 599065 677
242 599742 709
244 601140 665
245 601805 640
246 602445 673
247 603118 653
248 603771 663
249 604434 640
250 605074 667
251 605741 655
252 606396 653
253 607049 655
254 607704 649
255 608353 661
256 609014 703
257 609717 659
258 610376 689
259 611065 669
260 611734 634
261 612368 672
262 613040 665
263 613705 685
264 614390 667
265 615057 704
266 615761 639
267 616400 658
268 617058 690
269 617748 665
270 618413 672
271 619085 664
272 619749 667
273 620416 685
274 621101 704
275 621805 658
276 622463 688
277 623151 653
278 623804 716
279 624520 670
280 625190 645
281 625835 674
282 626509 657
283 627166 668
284 627834 656
285 628490 643
286 629133 656
287 629789 651
288 630440 668
289 631108 652
290 631760 706
291 632466 679
292 633145 660
293 633805 689
294 634494 657
295 635151 660
296 635811 665
297 636476 665
298 637141 663
299 637804 685
300 638489 666
304 641207 698
305 641905 665
306 642570 641
307 643211 667
308 643878 665
309 644543 684
310 645227 672
313 647262 663
314 647925 657
317 649985 656
319 651309 668
320 651977 643
321 652620 660
322 653280 655
323 653935 659
324 654594 647
325 655241 662
326 655903 656
327 656559 660
328 657219 658
329 657877 675
331 659256 629
332 659885 687
335 661920 665
336 662585 700
337 663285 686
338 663971 669
339 664640 664
340 665304 701
342 666664 715
343 667379 639
344 668018 648
345 668666 687
346 669353 668
347 670021 667
348 670688 675
349 671363 704
350 672067 666
351 672733 684
352 673417 696
353 674113 663
354 674776 673
356 676109 711
357 676820 715
358 677535 663
360 678887 660
361 679547 649
362 680196 653
363 680849 657
364 681506 654
365 682160 686
366 682846 666
367 683512 643
368 684155 645
369 684800 645
370 685445 657
371 686102 656
372 686758 685
373 687443 675
374 688118 696
376 689472 699
378 690859 662
379 691521 687
380 692208 679
381 692887 691
382 693578 675
383 694253 674
384 694927 699
385 695626 655
386 696281 201
387 696482 184
388 696666 688
389 697354 671
390 698025 699
391 698724 707
393 700091 665
394 700756 688
395 701444 652
396 702096 658
397 702754 653
398 703407 652
399 704059 694
400 704753 651
401 705404 665
402 706069 651
403 706720 634
404 707354 653
405 708007 657
406 708664 642
407 709306 655
408 709961 652
409 710613 670
410 711283 650
411 711933 659
412 712592 695
413 713287 700
414 713987 715
415 714702 689
416 715391 655
417 716046 665
418 716711 686
419 717397 649
420 718046 688
421 718734 645
422 719379 661
423 720040 673
424 720713 658
425 721371 671
426 722042 695
427 722737 655
428 723392 648
429 724040 688
430 724728 658
431 725386 673
432 726059 650
433 726709 695
434 727404 659
435 728063 676
436 728739 661
437 729400 671
438 730071 709
439 730780 704
440 731484 715
441 732199 657
443 733585 686
444 734271 655
445 734926 660
446 735586 649
447 736235 680
448 736915 639
449 737554 645
450 738199 668
451 738867 648
452 739515 666
453 740181 653
454 740834 680
455 741514 644
456 742158 694
457 742852 678
458 743530 657
459 744187 687
460 744874 653
461 745527 659
463 746880 681
464 747561 659
465 748220 660
466 748880 672
469 750895 691
470 751586 653
471 752239 645
472 752884 697
473 753581 664
474 754245 657
475 754902 682
476 755584 672
477 756256 650
478 756906 688
481 759008 659
482 759667 706
483 760373 705
484 761078 698
485 761776 714
486 762490 717
487 763207 691
488 763898 686
489 764584 687
490 765271 704
491 765975 689
492 766664 674
494 768035 639
497 770011 660
500 772028 682
501 772710 661
502 773371 669
504 774688 689
505 775377 674
506 776051 634
509 778047 663
510 778710 687
511 779397 669
512 780066 700
514 781417 736
515 782153 735
518 784301 671
519 784972 638
520 785610 647
521 786257 651
522 786908 658
523 787566 632
524 788198 678
525 788876 626
526 789502 636
527 790138 660
528 790798 639
529 791437 675
530 792112 699
531 792811 650
533 794148 211
534 794359 673
535 795032 691
537 796420 680
539 797763 687
540 798450 664
541 799114 674
543 800438 678
547 803153 685
549 804525 652
550 805177 717
551 805894 683
552 806577 639
553 807216 664
554 807880 653
555 808533 651
556 809184 648
557 809832 626
558 810458 649
559 811107 643
561 812399 652
562 813051 647
563 813698 658
565 815052 660
566 815712 685
567 816397 640
568 817037 668
569 817705 654
570 818359 718
573 820462 695
574 821157 660
575 821817 662
576 822479 654
577 823133 677
578 823810 648
579 824458 662
580 825120 660
581 825780 688
582 826468 657
583 827125 680
585 828503 695
586 829198 673
587 829871 665
588 830536 675
589 831211 660
590 831871 688
591 832559 662
592 833221 670
593 833891 655
594 834546 647
595 835193 642
596 835835 651
597 836486 635
598 837121 651
599 837772 668
600 838440 651
601 839091 647
602 839738 696
603 840434 679
604 841113 659
605 841772 695
606 842467 687
607 843154 661
609 844512 664
610 845176 665
611 845841 692
612 846533 678
613 847211 659
615 848557 684
616 849241 660
617 849901 697
618 850598 674
619 851272 686
620 851958 641
621 852599 646
622 853245 638
624 854581 692
625 855273 667
626 855940 667
627 856607 677
630 858631 665
631 859296 648
632 859944 654
633 860598 649
634 861247 641
635 861888 655
636 862543 644
637 863187 664
638 863851 629
639 864480 642
640 865122 657
641 865779 653
643 867130 679
644 867809 683
645 868492 652
646 869144 666
648 870498 645
650 871802 660
652 873100 642
654 874440 661
655 875101 692
656 875793 659
657 876452 674
658 877126 652
659 877778 632
661 879098 659
663 880455 688
664 881143 660
665 881803 691
666 882494 660
667 883154 668
670 885162 640
671 885802 648
672 886450 667
673 887117 670
674 887787 643
675 888430 641
676 889071 692
677 889763 669
678 890432 642
679 891074 640
681 892412 632
682 893044 674
683 893718 711
684 894429 670
685 895099 638
686 895737 645
687 896382 640
688 897022 650
689 897672 628
691 898952 635
692 899587 634
693 900221 661
694 900882 643
696 902212 659
698 903568 626
699 904194 669
700 904863 655
701 905518 424
702 905942 434
703 906376 450
704 906826 494
705 907320 464
706 907784 472
707 908256 496
708 908752 532
709 909284 480
710 909764 510
711 910274 486
712 910760 478
713 911238 494
714 911732 462
715 912194 530
716 912724 5002
717 917726 6547
718 924273 4724
719 928997 4242
720 933239 3610
721 936849 3057
723 944014 8652
724 952666 4043
725 956709 7539
726 964248 38575
727 1002823 5447
728 1008270 17879
729 1026149 5298
730 1031447 2776
731 1034223 10548
732 1044771 3790
733 1048561 4735
734 1053296 5415
735 1058711 4833
736 1063544 5253
737 1068797 6733
738 1075530 6492
739 1082022 4686
740 1086708 4157
741 1090865 8960
742 1099825 8412
743 1108237 5490
744 1113727 4279
745 1118006 7451
746 1125457 7912
747 1133369 5655
748 1139024 5365
749 1144389 4472
750 1148861 4967
751 1153828 4325
752 1158153 4377
753 1162530 5353
754 1167883 1264
755 1169147 4016
756 1173163 19879
757 1193042 3716
758 1196758 6340
759 1203098 4685
760 1207783 2821
761 1210604 3488
762 1214092 3921
763 1218013 3475
764 1221488 4284
765 1225772 11923
766 1237695 4251
767 1241946 8226
768 1250172 7870
769 1258042 8010
770 1266052 7317
771 1273369 1636
772 1275005 5259
773 1280264 16456
774 1296720 4615
775 1301335 9456
776 1310791 5316
777 1316107 4204
778 1320311 4793
779 1325104 4038
780 1329142 10516
781 1339658 5562
782 1345220 4120
784 1352510 3753
785 1356263 3928
786 1360191 3320
787 1363511 3425
788 1366936 18438
789 1385374 4815
790 1390189 5371
791 1395560 3406
792 1398966 11482
793 1410448 7884
794 1418332 19546
795 1437878 5462
796 1443340 1237
797 1444577 2134
798 1446711 2878
799 1449589 3673
800 1453262 19361
801 1472623 19784
802 1492407 4359
803 1496766 4305
804 1501071 3529
805 1504600 12572
806 1517172 6792
807 1523964 25794
808 1549758 11235
809 1560993 7102
810 1568095 1558
811 1569653 5955
812 1575608 6359
813 1581967 23598
814 1605565 1574
815 1607139 2817
817 1613721 2433
818 1616154 2058
819 1618212 2528
820 1620740 3454
821 1624194 2480
822 1626674 2535
823 1629209 20284
824 1649493 8415
825 1657908 4388
826 1662296 4492
827 1666788 4161
828 1670949 1551
829 1672500 4503
830 1677003 1381
831 1678384 1199
832 1679583 1497
833 1681080 7445
834 1688525 2197
835 1690722 18044
836 1708766 8897
837 1717663 5694
838 1723357 4042
839 1727399 3579
840 1730978 2071
841 1733049 16391
842 1749440 4478
843 1753918 1171
844 1755089 1945
845 1757034 1371
846 1758405 8194
847 1766599 5190
848 1771789 6862
849 1778651 1947
850 1780598 8223
851 1788821 7580
852 1796401 8524
853 1804925 4996
854 1809921 6763
855 1816684 15110
856 1831794 7560
857 1839354 5100
858 1844454 1388
859 1845842 1589
860 1847431 2171
861 1849602 1365
862 1850967 836
863 1851803 6390
864 1858193 2151
865 1860344 8316
866 1868660 4242
867 1872902 1895
868 1874797 5256
869 1880053 5488
870 1885541 9135
871 1894676 4711
872 1899387 9544
873 1908931 3791
874 1912722 1092
875 1913814 1444
876 1915258 1377
877 1916635 9098
878 1925733 315
879 1926048 1747
880 1927795 787
881 1928582 1474
882 1930056 12572
883 1942628 8052
884 1950680 4097
885 1954777 5019
886 1959796 4482
887 1964278 8959
888 1973237 2236
889 1975473 5383
890 1980856 2944
891 1983800 3129
892 1986929 1700
893 1988629 8110
894 1996739 3708
895 2000447 14190
896 2014637 3301
897 2017938 3895
898 2021833 4331
899 2026164 11611
900 2037775 948
901 2038723 8022
902 2046745 6284
903 2053029 800
904 2053829 5700
905 2059529 15718
906 2075247 934
907 2076181 6083
908 2082264 695
909 2082959 5279
910 2088238 8080
911 2096318 1459
912 2097777 4381
913 2102158 719
914 2102877 8931
915 2111808 1378
916 2113186 4328
917 2117514 5472
918 2122986 3028
919 2126014 2760
920 2128774 3753
921 2132527 2135
922 2134662 4019
923 2138681 13150
924 2151831 2526
925 2154357 1930
926 2156287 3634
927 2159921 3877
928 2163798 3887
929 2167685 1908
930 2169593 5450
931 2175043 6888
932 2181931 2520
933 2184451 4594
934 2189045 6988
935 2196033 1515
936 2197548 2496
937 2200044 2685
938 2202729 826
939 2203555 5373
940 2208928 281
941 2209209 850
942 2210059 3589
943 2213648 5938
944 2219586 1250
945 2220836 1397
946 2222233 3699
947 2225932 4595
948 2230527 2399
949 2232926 2215
950 2235141 3789
951 2238930 4073
952 2243003 941
953 2243944 2950
954 2246894 1152
955 2248046 1796
956 2249842 2015
957 2251857 3139
958 2254996 7156
959 2262152 8625
960 2270777 3979
961 2274756 4010
962 2278766 4640
963 2283406 3916
964 2287322 4643
965 2291965 1170
966 2293135 4229
967 2297364 2721
968 2300085 1729
969 2301814 1091
970 2302905 4053
971 2306958 3889
972 2310847 2903
973 2313750 1303
974 2315053 3179
975 2318232 7704
976 2325936 19087
977 2345023 2210
978 2347233 3798
979 2351031 1660
980 2352691 4266
981 2356957 5134
982 2362091 8867
983 2370958 3157
984 2374115 13390
985 2387505 3758
986 2391263 198
987 2391461 6388
988 2397849 8724
989 2406573 5781
990 2412354 2180
991 2414534 4988
992 2419522 1227
993 2420749 3877
994 2424626 6378
995 2431004 1678
996 2432682 3453
997 2436135 2819
998 2438954 6306
999 2445260 5409
1000 2450669 1821
1001 2452490 6769
1002 2459259 3688
1003 2462947 10449
1004 2473396 6995
1005 2480391 4577
1006 2484968 3539
1007 2488507 6467
1008 2494974 9653
1009 2504627 1607
1010 2506234 2792
1011 2509026 2415
1012 2511441 4574
1013 2516015 8728
1014 2524743 1600
1015 2526343 4830
1016 2531173 5115
1017 2536288 9800
1018 2546088 1661
1019 2547749 750
1020 2548499 735
1021 2549234 2929
1022 2552163 1879
1023 2554042 2320
1024 2556362 3191
1025 2559553 2901
1026 2562454 2964
1027 2565418 3016
1028 2568434 2446
1029 2570880 2477
1030 2573357 2546
1031 2575903 862
1032 2576765 1604
1033 2578369 5838
1034 2584207 2586
1035 2586793 1296
1036 2588089 2053
1037 2590142 1588
1038 2591730 2906
1039 2594636 5811
1040 2600447 1203
1041 2601650 2830
1042 2604480 1852
1043 2606332 1245
1044 2607577 1129
1045 2608706 1786
1046 2610492 6000
1048 2618302 3448
1049 2621750 1603
1050 2623353 621
1051 2623974 2712
1052 2626686 907
1053 2627593 5769
1054 2633362 5219
1055 2638581 1621
1056 2640202 772
1057 2640974 801
1058 2641775 2493
1059 2644268 5808
1060 2650076 3747
1061 2653823 3723
1062 2657546 3681
1066 2672691 4062
1070 2688264 3846
1071 2692110 3765
1077 2714888 637
1078 2715525 5828
1079 2721353 693
1080 2722046 2813
1081 2724859 2876
1082 2727735 1101
1083 2728836 1284
1084 2730120 7589
1085 2737709 1493
1086 2739202 2305
1087 2741507 2105
1088 2743612 1466
1089 2745078 992
1090 2746070 1711
1091 2747781 2631
1093 2752330 17049
1094 2769379 1555
1095 2770934 4856
1096 2775790 2117
1097 2777907 2828
1098 2780735 6288
1099 2787023 542
1100 2787565 4042
1101 2791607 2050
1102 2793657 1221
1103 2794878 4667
1104 2799545 862
1105 2800407 2126
1106 2802533 1904
1107 2804437 4191
1108 2808628 4704
1109 2813332 9246
1110 2822578 4139
1111 2826717 2715
1112 2829432 853
1113 2830285 818
1114 2831103 917
1115 2832020 1061
1116 2833081 9664
1117 2842745 2031
1118 2844776 1865
1119 2846641 2657
1120 2849298 3199
1121 2852497 9550
1122 2862047 3474
1123 2865521 8390
1124 2873911 2149
1125 2876060 1738
1126 2877798 1077
1128 2880365 1067
1129 2881432 1380
1130 2882812 5372
1131 2888184 5004
1132 2893188 2163
1133 2895351 1750
1134 2897101 4028
1135 2901129 2331
1136 2903460 2268
1137 2905728 7682
1138 2913410 1327
1139 2914737 1486
1140 2916223 4291
1141 2920514 1275
1142 2921789 1243
1143 2923032 1420
1144 2924452 1697
1145 2926149 5195
1146 2931344 2534
1147 2933878 1384
1149 2938455 10942
1150 2949397 3840
1151 2953237 9587
1152 2962824 3796
1153 2966620 1577
1154 2968197 2124
1155 2970321 7043
1156 2977364 1875
1157 2979239 7373
1158 2986612 3397
1159 2990009 1930
1160 2991939 12898
1162 3010099 4687
1163 3014786 1386
1164 3016172 2484
1165 3018656 2331
1166 3020987 2163
1167 3023150 3616
1168 3026766 1390
1169 3028156 11055
1170 3039211 1179
1171 3040390 681
1172 3041071 4769
1173 3045840 2050
1174 3047890 1304
1175 3049194 911
1177 3057527 3125
1178 3060652 1904
1179 3062556 2887
1180 3065443 980
1181 3066423 1330
1182 3067753 1365
1183 3069118 537
1186 3078266 4967
1187 3083233 3254
1188 3086487 2220
1189 3088707 869
1190 3089576 795
1191 3090371 1254
1192 3091625 5694
1193 3097319 1600
1194 3098919 777
1195 3099696 1694
1197 3114378 563
1198 3114941 1851
1199 3116792 2481
1200 3119273 2332
1201 3121605 2697
1202 3124302 1659
1203 3125961 631
1204 3126592 2170
1205 3128762 2206
1206 3130968 2210
1207 3133178 2333
1208 3135511 2145
1209 3137656 491
1210 3138147 2438
1211 3140585 1243
1212 3141828 3111
1213 3144939 1569
1214 3146508 716
1215 3147224 1054
1216 3148278 8507
1217 3156785 4226
1218 3161011 3227
1219 3164238 12859
1220 3177097 4576
1221 3181673 2373
1222 3184046 2429
1223 3186475 661
1224 3187136 1378
1225 3188514 10084
1226 3198598 21763
1227 3220361 873
1228 3221234 3515
1230 3228585 1424
1231 3230009 1069
1232 3231078 5761
1233 3236839 1214
1234 3238053 912
1235 3238965 10822
1236 3249787 1357
1237 3251144 17727
1238 3268871 9475
1239 3278346 2845
1241 3285163 1357
1242 3286520 4600
1243 3291120 5957
1244 3297077 1061
1245 3298138 879
1246 3299017 2303
1247 3301320 8167
1248 3309487 3256
1249 3312743 1843
1250 3314586 531
1251 3315117 1549
1252 3316666 2277
1253 3318943 3809
1254 3322752 5935
1255 3328687 1331
1256 3330018 3169
1257 3333187 1241
1258 3334428 1315
1259 3335743 1105
1260 3336848 5537
1261 3342385 931
1262 3343316 4365
1263 3347681 344
1264 3348025 8876
1265 3356901 3591
1266 3360492 1607
1267 3362099 1339
1268 3363438 6396
1269 3369834 4073
1270 3373907 1251
1271 3375158 2944
1272 3378102 2657
1273 3380759 1780
1274 3382539 4111
1275 3386650 12817
1276 3399467 1475
1277 3400942 4030
1278 3404972 3580
1279 3408552 1365
1280 3409917 1088
1281 3411005 3959
1282 3414964 6873
1284 3434776 1584
1285 3436360 1518
1286 3437878 1453
1287 3439331 2431
1288 3441762 2158
1289 3443920 1747
1290 3445667 1764
1291 3447431 1155
1292 3448586 1636
1293 3450222 805
1294 3451027 7021
1295 3458048 8128
1296 3466176 1477
1297 3467653 1083
1298 3468736 4667
1299 3473403 2422
1300 3475825 1165
1301 3476990 6434
1302 3483424 1770
1303 3485194 7551
1304 3492745 2165
1305 3494910 6388
1306 3501298 3991
1307 3505289 1391
1308 3506680 8331
1309 3515011 6892
1310 3521903 9527
1311 3531430 3640
1312 3535070 2223
1313 3537293 3389
1314 3540682 4726
1315 3545408 1679
1316 3547087 1959
1317 3549046 1565
1318 3550611 2564
1319 3553175 2011
1320 3555186 3756
1321 3558942 946
1322 3559888 1211
1323 3561099 1930
1324 3563029 1442
1325 3564471 3815
1326 3568286 5722
1327 3574008 2244
1328 3576252 2906
1329 3579158 1508
1330 3580666 5754
1331 3586420 2662
1332 3589082 1291
1333 3590373 1269
1334 3591642 1338
1335 3592980 7959
1336 3600939 1716
1337 3602655 2834
1338 3605489 1246
1339 3606735 1434
1340 3608169 5128
1341 3613297 3045
1342 3616342 1300
1343 3617642 2792
1344 3620434 1447
1345 3621881 933
1346 3622814 2779
1347 3625593 1498
1348 3627091 911
1349 3628002 3004
1350 3631006 1226
1351 3632232 8783
1352 3641015 2612
1353 3643627 1628
1354 3645255 2238
1355 3647493 1994
1356 3649487 6257
1357 3655744 2082
1358 3657826 1570
1359 3659396 3151
1360 3662547 4063
1361 3666610 2687
1362 3669297 2886
1363 3672183 1040
1364 3673223 1422
1365 3674645 5509
1367 3681804 3622
1368 3685426 2084
1369 3687510 5812
1370 3693322 6784
1371 3700106 1224
1372 3701330 1523
1373 3702853 360
1374 3703213 2202
1376 3707160 2949
1377 3710109 1223
1379 3713295 925
1380 3714220 1871
1381 3716091 2970
1382 3719061 6889
1383 3725950 2664
1384 3728614 1566
1385 3730180 1771
1386 3731951 1708
1388 3734622 8962
1389 3743584 5613
1390 3749197 5671
1391 3754868 5488
1392 3760356 6745
1393 3767101 2076
1394 3769177 19459
1395 3788636 7683
1396 3796319 1822
1397 3798141 1240
1398 3799381 3038
1399 3802419 1860
1400 3804279 2695
1401 3806974 4177
1402 3811151 1415
1403 3812566 597
1404 3813163 6574
1405 3819737 2418
1406 3822155 1831
1407 3823986 3349
1408 3827335 1891
1409 3829226 13761
1410 3842987 544
1411 3843531 1642
1412 3845173 3033
1413 3848206 2370
1414 3850576 2834
1415 3853410 18376
1416 3871786 2146
1417 3873932 1008
1418 3874940 5445
1419 3880385 1977
1420 3882362 1507
1421 3883869 1862
1422 3885731 1176
1423 3886907 1183
1424 3888090 6964
1425 3895054 3762
1426 3898816 1028
1427 3899844 2478
1428 3902322 2237
1429 3904559 3228
1430 3907787 2593
1431 3910380 30048
1432 3940428 1102
1433 3941530 1752
1434 3943282 5115
1435 3948397 1256
1436 3949653 1656
1437 3951309 1737
1438 3953046 2416
1439 3955462 1684
1440 3957146 1588
1441 3958734 2645
1442 3961379 3228
1443 3964607 4670
1444 3969277 1790
1445 3971067 961
1446 3972028 1500
1447 3973528 2060
1448 3975588 1534
1449 3977122 1806
1450 3978928 1294
1451 3980222 1913
1452 3982135 1629
1453 3983764 866
1454 3984630 2724
1455 3987354 1881
1456 3989235 6161
1457 3995396 2735
1458 3998131 1410
1459 3999541 1212
1460 4000753 2694
1461 4003447 1463
1462 4004910 2323
1463 4007233 1474
1464 4008707 1346
1465 4010053 2198
1466 4012251 1527
1467 4013778 1722
1468 4015500 5226
1470 4023320 5616
1471 4028936 1682
1472 4030618 1304
1473 4031922 2977
1474 4034899 1609
1475 4036508 2797
1477 4040606 868
1478 4041474 1615
1479 4043089 4003
1480 4047092 3244
1481 4050336 2993
1482 4053329 3365
1483 4056694 2720
1484 4059414 1415
1485 4060829 1378
1486 4062207 892
1487 4063099 2173
1489 4066907 1098
1490 4068005 3332
1491 4071337 3209
1492 4074546 3786
1493 4078332 1762
1494 4080094 4880
1497 4090621 1793
1498 4092414 977
1499 4093391 1278
1500 4094669 993
1501 4095662 1170
1502 4096832 5094
1504 4104215 1863
1505 4106078 1137
1506 4107215 1300
1507 4108515 1246
1508 4109761 4191
1509 4113952 1514
1510 4115466 2697
1511 4118163 2149
1512 4120312 1107
1513 4121419 1842
1514 4123261 5007
1515 4128268 2346
1516 4130614 1040
1517 4131654 1096
1518 4132750 6700
1519 4139450 2171
1520 4141621 1942
1522 4150263 6217
1523 4156480 3638
1524 4160118 641
1525 4160759 1847
1526 4162606 3091
1527 4165697 1268
1528 4166965 2311
1529 4169276 1123
1530 4170399 3490
1531 4173889 4122
1532 4178011 4338
1533 4182349 6298
1534 4188647 3765
1535 4192412 722
1536 4193134 4287
1537 4197421 4091
1538 4201512 547
1539 4202059 1009
1540 4203068 1594
1541 4204662 3665
1542 4208327 3599
1543 4211926 4814
1544 4216740 2708
1545 4219448 2089
1546 4221537 3141
1547 4224678 812
1548 4225490 7192
1549 4232682 957
1550 4233639 3158
1551 4236797 2395
1552 4239192 2684
1553 4241876 3416
1554 4245292 2560
1555 4247852 4081
1556 4251933 2052
1557 4253985 1872
1558 4255857 4446
1559 4260303 1433
1560 4261736 4435
1561 4266171 3892
1562 4270063 5691
1563 4275754 6675
1564 4282429 4541
1565 4286970 1811
1566 4288781 1280
1567 4290061 2859
1568 4292920 6454
1569 4299374 2549
1570 4301923 3458
1571 4305381 2723
1572 4308104 2287
1573 4310391 10510
1574 4320901 774
1575 4321675 9126
1577 4337625 2215
1578 4339840 2531
1579 4342371 2401
1580 4344772 2380
1581 4347152 1357
1582 4348509 1146
1583 4349655 2956
1584 4352611 10182
1585 4362793 1287
1586 4364080 3979
1587 4368059 1135
1588 4369194 467
1589 4369661 10806
1590 4380467 1846
1591 4382313 3374
1592 4385687 3353
1593 4389040 3593
1594 4392633 9703
1595 4402336 2195
1596 4404531 1122
1597 4405653 791
1598 4406444 1065
1599 4407509 1843
1600 4409352 8532
1601 4417884 3466
1602 4421350 6356
1603 4427706 4825
1604 4432531 5621
1605 4438152 1717
1606 4439869 5371
1607 4445240 1702
1608 4446942 1721
1609 4448663 6813
1610 4455476 2795
1611 4458271 1507
1612 4459778 2077
1613 4461855 2591
1614 4464446 2588
1615 4467034 3791
1616 4470825 6366
1617 4477191 3594
1618 4480785 6871
1619 4487656 10193
1620 4497849 2189
1621 4500038 3686
1622 4503724 2347
1623 4506071 3719
1624 4509790 2958
1625 4512748 3785
1626 4516533 1633
1627 4518166 10150
1628 4528316 2155
1629 4530471 4998
1630 4535469 2431
1631 4537900 1525
1632 4539425 7969
1633 4547394 6806
1634 4554200 4464
1635 4558664 9629
1636 4568293 6424
1637 4574717 5749
1638 4580466 2889
1639 4583355 5694
1640 4589049 10462
1641 4599511 4327
1642 4603838 6177
1643 4610015 4651
1644 4614666 2288
1645 4616954 3443
1646 4620397 8918
1647 4629315 1819
1648 4631134 5754
1649 4636888 4061
1650 4640949 4066
1651 4645015 2624
1652 4647639 380
1653 4648019 1869
1654 4649888 7416
1655 4657304 4462
1656 4661766 2442
1657 4664208 1756
1658 4665964 3100
1659 4669064 3539
1660 4672603 2805
1661 4675408 5252
1662 4680660 1189
1663 4681849 1175
1664 4683024 3127
1665 4686151 7634
1666 4693785 7667
1667 4701452 1202
1668 4702654 6049
1669 4708703 1705
1670 4710408 2342
1671 4712750 4851
1672 4717601 1736
1673 4719337 3370
1674 4722707 1940
1675 4724647 1184
1676 4725831 2654
1677 4728485 683
1678 4729168 2813
1679 4731981 5223
1680 4737204 199
1681 4737403 1669
1682 4739072 2847
1683 4741919 4175
1684 4746094 1264
1685 4747358 1124
1686 4748482 1631
1687 4750113 1195
1688 4751308 1675
1689 4752983 837
1690 4753820 878
1691 4754698 3840
1692 4758538 843
1693 4759381 3127
1694 4762508 7858
1695 4770366 2560
1696 4772926 1519
1697 4774445 3174
1698 4777619 1171
1699 4778790 2712
1700 4781502 2364
1701 4783866 1359
1702 4785225 1042
1704 4789952 3085
1705 4793037 1477
1706 4794514 8366
1707 4802880 1476
1708 4804356 2069
1709 4806425 969
1710 4807394 1679
1711 4809073 1638
1712 4810711 927
1714 4814078 9659
1715 4823737 3972
1716 4827709 2702
1717 4830411 734
1718 4831145 5959
1719 4837104 3335
1720 4840439 8952
1721 4849391 4024
1722 4853415 2050
1723 4855465 3431
1724 4858896 7597
1725 4866493 2641
1726 4869134 2738
1727 4871872 9669
1728 4881541 19346
1729 4900887 3117
1730 4904004 2754
1731 4906758 5377
1732 4912135 2262
1733 4914397 4268
1734 4918665 6597
1735 4925262 971
1736 4926233 4890
1737 4931123 8289
1738 4939412 5356
1739 4944768 6687
1740 4951455 931
1741 4952386 3796
1742 4956182 2960
1743 4959142 3595
1744 4962737 2551
1745 4965288 3711
1746 4968999 4697
1747 4973696 9641
1748 4983337 9648
1749 4992985 11540
1750 5004525 2164
1751 5006689 4807
1752 5011496 3029
1753 5014525 1659
1754 5016184 5797
1755 5021981 2042
1756 5024023 1934
1757 5025957 8403
1758 5034360 8806
1759 5043166 2769
1760 5045935 4504
1761 5050439 3159
1762 5053598 1955
1763 5055553 10660
1764 5066213 6293
1765 5072506 4894
1766 5077400 5317
1767 5082717 1331
1768 5084048 1867
1769 5085915 3616
1770 5089531 207
1771 5089738 3715
1772 5093453 2544
1773 5095997 7699
1774 5103696 7016
1775 5110712 6499
1776 5117211 8813
1777 5126024 3164
1778 5129188 2824
1779 5132012 1857
1780 5133869 7074
1781 5140943 3425
1782 5144368 2664
1783 5147032 1176
1784 5148208 11650
1785 5159858 10854
1786 5170712 9915
1787 5180627 6950
1788 5187577 8950
1789 5196527 2306
1790 5198833 533
1791 5199366 2788
1792 5202154 636
1793 5202790 6386
1794 5209176 4313
1795 5213489 2335
1796 5215824 9206
1797 5225030 6534
1798 5231564 1575
1799 5233139 7427
1800 5240566 2746
1801 5243312 7697
1802 5251009 4488
1803 5255497 2953
1804 5258450 6323
1805 5264773 9267
1806 5274040 2987
1807 5277027 4399
1808 5281426 3911
1809 5285337 1729
1810 5287066 6531
1811 5293597 5488
1812 5299085 5247
1813 5304332 8043
1814 5312375 1851
1815 5314226 2833
1816 5317059 7407
1817 5324466 1300
1818 5325766 1078
1819 5326844 9080
1820 5335924 11269
1821 5347193 9254
1822 5356447 16009
1823 5372456 8756
1824 5381212 8448
1825 5389660 7383
1826 5397043 11294
1827 5408337 19507
1828 5427844 13557
1829 5441401 5485
1830 5446886 493
1831 5447379 833
1832 5448212 3197
1833 5451409 7343
1834 5458752 540
1835 5459292 1538
1836 5460830 3460
1837 5464290 2104
1838 5466394 9170
1839 5475564 8024
1840 5483588 8567
1841 5492155 4692
1842 5496847 2690
1843 5499537 4084
1845 5508702 7153
1846 5515855 3408
1847 5519263 2835
1848 5522098 680
1849 5522778 1053
1850 5523831 1641
1851 5525472 6679
1852 5532151 1349
1853 5533500 11452
1854 5544952 6349
1855 5551301 4440
1856 5555741 25807
1857 5581548 3751
1858 5585299 5144
1859 5590443 8407
1860 5598850 9774
1861 5608624 4634
1863 5619632 9600
1864 5629232 12848
1865 5642080 4693
1866 5646773 10961
1868 5664009 5112
1869 5669121 1758
1870 5670879 3817
1871 5674696 4768
1872 5679464 3711
1873 5683175 10719
1874 5693894 9917
1875 5703811 6851
1876 5710662 6112
1877 5716774 6590
1878 5723364 5808
1879 5729172 4101
1880 5733273 3910
1881 5737183 3506
1882 5740689 3845
1883 5744534 3335
1884 5747869 12279
1885 5760148 12846
1886 5772994 4232
1887 5777226 2864
1888 5780090 5575
1889 5785665 15921
1890 5801586 4296
1891 5805882 720
1892 5806602 1205
1893 5807807 4413
1894 5812220 4387
1895 5816607 2092
1896 5818699 13041
1898 5838450 8837
1899 5847287 7750
1900 5855037 10701
1901 5865738 217
1902 5865955 7008
1903 5872963 8951
1904 5881914 2345
1905 5884259 8167
1906 5892426 8299
1907 5900725 3900
1908 5904625 5760
1911 5923206 13747
1913 5941643 532
1914 5942175 1536
1915 5943711 3091
1916 5946802 210
1917 5947012 172
1918 5947184 200
1919 5947384 172
1920 5947556 617
1921 5948173 651
1922 5948824 624
1923 5949448 669
1924 5950117 651
1925 5950768 627
1926 5951395 185
1927 5951580 597
1928 5952177 620
1930 5953480 226
1931 5953706 172
1932 5953878 654
1933 5954532 166
1934 5954698 664
1935 5955362 634
1936 5955996 629
1937 5956625 632
1938 5957257 632
1939 5957889 632
1940 5958521 629
1941 5959150 623
1942 5959773 634
1943 5960407 638
1944 5961045 187
1945 5961232 650
1946 5961882 633
1947 5962515 620
1948 5963135 175
1949 5963310 626
1950 5963936 215
1951 5964151 679
1952 5964830 216
1953 5965046 622
1954 5965668 365
1955 5966033 187
1956 5966220 667
1957 5966887 652
1958 5967539 568
1969 5974615 212
1970 5974827 632
1971 5975459 630
1975 5977981 672
1976 5978653 629
1977 5979282 625
1978 5979907 216
1979 5980123 550
1980 5980673 620
1981 5981293 206
1983 5982149 635
1984 5982784 620
1985 5983404 221
1986 5983625 621
1987 5984246 174
1989 5985088 620
1990 5985708 174
1991 5985882 192
1992 5986074 185
1993 5986259 212
1994 5986471 626
1995 5987097 654
1998 5989042 663
1999 5989705 630
2000 5990335 217
2002 5991102 620
2003 5991722 203
2004 5991925 289
2005 5992214 306
2006 5992520 186
2008 5993356 633
2009 5993989 212
2010 5994201 283
2011 5994484 305
2012 5994789 661
2013 5995450 174
2014 5995624 263
2016 5996507 194
2017 5996701 628
2018 5997329 237
2019 5997566 655
2021 5998898 629
2022 5999527 635
2023 6000162 630
2024 6000792 634
2025 6001426 183
2027 6002159 654
2028 6002813 214
2029 6003027 196
2030 6003223 653
2031 6003876 632
2032 6004508 654
2033 6005162 206
2034 6005368 650
2035 6006018 188
2036 6006206 628
2037 6006834 192
2038 6007026 625
2050 6014863 630
2051 6015493 200
2052 6015693 627
2053 6016320 616
2054 6016936 620
2055 6017556 623
2056 6018179 631
2057 6018810 639
2058 6019449 631
2059 6020080 654
2060 6020734 187
2061 6020921 596
2062 6021517 652
2063 6022169 194
2064 6022363 637
2065 6023000 619
2066 6023619 633
2067 6024252 654
2068 6024906 631
2069 6025537 633
2070 6026170 630
2071 6026800 216
2072 6027016 630
2073 6027646 661
2074 6028307 172
2075 6028479 639
2076 6029118 654
2077 6029772 662
2079 6031096 173
2080 6031269 620
2081 6031889 211
2082 6032100 185
2083 6032285 191
2084 6032476 185
2085 6032661 613
2086 6033274 624
2087 6033898 631
2088 6034529 639
2089 6035168 632
2090 6035800 635
2091 6036435 186
2092 6036621 596
2093 6037217 654
2094 6037871 173
2095 6038044 623
2096 6038667 188
2097 6038855 634
2098 6039489 620
2099 6040109 654
2100 6040763 216
2101 6040979 627
2102 6041606 184
2103 6041790 637
2104 6042427 654
2105 6043081 211
2106 6043292 185
2107 6043477 166
2108 6043643 185
2109 6043828 614
2110 6044442 624
2111 6045066 632
2112 6045698 641
2113 6046339 633
2114 6046972 630
2115 6047602 186
2116 6047788 598
2117 6048386 652
2118 6049038 209
2119 6049247 636
2120 6049883 618
2121 6050501 654
2122 6051155 278
2123 6051433 628
2124 6052061 173
2125 6052234 637
2126 6052871 213
2127 6053084 702
2128 6053786 166
2129 6053952 639
2130 6054591 653
2131 6055244 188
2132 6055432 206
2133 6055638 188
2134 6055826 200
2135 6056026 188
2136 6056214 182
2137 6056396 188
2138 6056584 185
2139 6056769 200
2140 6056969 194
2141 6057163 615
2142 6057778 185
2143 6057963 595
2144 6058558 215
2147 6060035 617
2148 6060652 625
2149 6061277 632
2150 6061909 639
2151 6062548 632
2152 6063180 628
2153 6063808 183
2154 6063991 635
2155 6064626 620
2156 6065246 653
2157 6065899 653
2158 6066552 215
2159 6066767 625
2160 6067392 625
2161 6068017 193
2162 6068210 187
2163 6068397 167
2165 6069205 653
2166 6069858 194
2167 6070052 166
2168 6070218 185
2169 6070403 210
2170 6070613 615
2171 6071228 628
2172 6071856 632
2173 6072488 641
2174 6073129 632
2175 6073761 629
2176 6074390 179
2177 6074569 595
2178 6075164 653
2179 6075817 199
2180 6076016 635
2181 6076651 616
2183 6077920 225
2184 6078145 624
2185 6078769 206
2186 6078975 633
2187 6079608 173
2190 6081075 171
2191 6081246 623
2192 6081869 192
2193 6082061 178
2194 6082239 160
2195 6082399 210
2197 6083224 626
2198 6083850 632
2199 6084482 643
2200 6085125 633
2201 6085758 630
2203 6087041 185
2205 6087821 687
2206 6088508 225
2207 6088733 205
2209 6089572 620
2210 6090192 196
2211 6090388 187
2213 6091228 183
2214 6091411 676
2215 6092087 213
2216 6092300 668
2217 6092968 233
2218 6093201 625
2219 6093826 187
2220 6094013 207
2233 6102091 635
2234 6102726 212
2236 6103569 628
2237 6104197 617
2238 6104814 626
2239 6105440 627
2240 6106067 642
2241 6106709 632
2242 6107341 661
2243 6108002 173
2245 6108770 190
2246 6108960 621
2248 6110234 188
2249 6110422 642
2250 6111064 193
2251 6111257 635
2252 6111892 619
2253 6112511 656
2255 6113820 215
2257 6114657 173
2260 6116124 234
2261 6116358 160
2262 6116518 224
2263 6116742 160
2264 6116902 613
2265 6117515 625
2266 6118140 632
2269 6120051 636
2270 6120687 185
2273 6122122 191
2274 6122313 199
2275 6122512 634
2276 6123146 618
2278 6124417 252
2279 6124669 175
2280 6124844 178
2281 6125022 203
2282 6125225 621
2283 6125846 173
2286 6127312 220
2287 6127532 227
2288 6127759 611
2289 6128370 179
2291 6129145 160
2292 6129305 187
2293 6129492 167
2294 6129659 197
2295 6129856 635
2297 6131125 633
2298 6131758 210
2299 6131968 615
2300 6132583 627
2301 6133210 632
2302 6133842 642
2303 6134484 632
2304 6135116 661
2306 6136431 187
2308 6137253 618
2310 6138525 244
2311 6138769 684
2312 6139453 608
2313 6140061 196
2314 6140257 633
2315 6140890 237
2316 6141127 671
2317 6141798 215
2318 6142013 627
2319 6142640 173
2321 6143455 182
2323 6144291 184
2334 6151079 622
2335 6151701 212
2336 6151913 628
2337 6152541 632
2338 6153173 614
2339 6153787 626
2340 6154413 632
2343 6156317 686
2344 6157003 186
2347 6158440 187
2349 6159263 617
2351 6160534 236
2352 6160770 235
2353 6161005 630
2354 6161635 192
2355 6161827 638
2357 6163119 650
2358 6163769 209
2359 6163978 212
2360 6164190 224
2361 6164414 218
2362 6164632 212
2363 6164844 613
2364 6165457 627
2365 6166084 627
2366 6166711 639
2367 6167350 636
2368 6167986 648
2369 6168634 192
2372 6170076 644
2373 6170720 202
2374 6170922 634
2375 6171556 616
2377 6172826 202
2378 6173028 185
2379 6173213 263
2380 6173476 638
2381 6174114 207
2382 6174321 655
2383 6174976 654
2384 6175630 198
2385 6175828 597
2386 6176425 225
2387 6176650 656
2389 6177960 181
2391 6178780 616
2393 6180050 195
2394 6180245 634
2395 6180879 232
2396 6181111 619
2397 6181730 186
2398 6181916 621
2399 6182537 654
2400 6183191 190
2401 6183381 196
2402 6183577 184
2403 6183761 229
2404 6183990 632
2405 6184622 691
2406 6185313 636
2416 6191818 5675
2417 6197493 2559
2418 6200052 8589
2419 6208641 7412
2420 6216053 2426
2421 6218479 1470
2422 6219949 1650
2423 6221599 2683
2424 6224282 2591
2425 6226873 2262
2426 6229135 3073
2427 6232208 2079
2428 6234287 2997
2429 6237284 6965
2430 6244249 6371
2431 6250620 6903
2432 6257523 6782
2433 6264305 3954
2434 6268259 8135
2435 6276394 7796
2436 6284190 3126
2437 6287316 1809
2438 6289125 2993
2439 6292118 1625
2440 6293743 3035
2441 6296778 3446
2442 6300224 1870
2443 6302094 1537
2444 6303631 4781
2445 6308412 1754
2446 6310166 1528
2447 6311694 2474
2448 6314168 3625
2449 6317793 2073
2450 6319866 1468
2451 6321334 2821
2452 6324155 7827
2453 6331982 3342
2454 6335324 3635
2455 6338959 8884
2456 6347843 3743
2457 6351586 2834
2458 6354420 2211
2459 6356631 3577
2460 6360208 3504
2461 6363712 2080
2462 6365792 1609
2463 6367401 1803
2464 6369204 6369
2465 6375573 3208
2466 6378781 2244
2467 6381025 1869
2468 6382894 3431
2470 6391838 2014
2471 6393852 4159
2472 6398011 2723
2473 6400734 3766
2474 6404500 1755
2475 6406255 1546
2476 6407801 1555
2477 6409356 1627
2478 6410983 3657
2479 6414640 2742
2480 6417382 3969
2481 6421351 2388
2482 6423739 2402
2483 6426141 2596
2484 6428737 2379
2485 6431116 2541
2486 6433657 23260
2487 6456917 3221
2488 6460138 3623
2489 6463761 6325
2490 6470086 3094
2491 6473180 3302
2492 6476482 3415
2493 6479897 5242
2494 6485139 1617
2495 6486756 2594
2496 6489350 3424
2497 6492774 2455
2498 6495229 1083
2499 6496312 2366
2500 6498678 5086
2501 6503764 4230
2503 6511015 3780
2504 6514795 2642
2505 6517437 5423
2506 6522860 2530
2507 6525390 3792
2508 6529182 1102
2509 6530284 5317
2510 6535601 1445
2511 6537046 1217
2512 6538263 2047
2513 6540310 7446
2514 6547756 3332
2515 6551088 2540
2516 6553628 3762
2517 6557390 1657
2518 6559047 2707
2520 6564442 520
2521 6564962 4156
2522 6569118 6078
2523 6575196 1744
2524 6576940 3599
2525 6580539 2461
2527 6589029 5786
2528 6594815 7772
2529 6602587 4945
2530 6607532 913
2531 6608445 1279
2532 6609724 2039
2533 6611763 4071
2534 6615834 3500
2535 6619334 612
2536 6619946 4065
2537 6624011 2916
2538 6626927 2859
2539 6629786 3511
2540 6633297 5618
2541 6638915 4653
2542 6643568 5100
2543 6648668 2713
2544 6651381 9174
2545 6660555 9412
2546 6669967 5554
2548 6677550 7361
2550 6686911 3494
2551 6690405 3740
2552 6694145 2614
2553 6696759 8372
2554 6705131 1314
2555 6706445 1890
2556 6708335 3094
2557 6711429 4566
2558 6715995 2031
2559 6718026 1207
2560 6719233 1227
2561 6720460 5295
2562 6725755 2789
2563 6728544 4022
2564 6732566 1144
2565 6733710 2030
2567 6737892 1345
2568 6739237 2900
2569 6742137 1592
2571 6751056 5304
2572 6756360 745
2573 6757105 540
2574 6757645 869
2575 6758514 680
2576 6759194 541
2577 6759735 579
2578 6760314 1349
2579 6761663 3532
2580 6765195 3747
2581 6768942 520
2582 6769462 2093
2583 6771555 1346
2584 6772901 3404
2586 6782563 3276
2587 6785839 5332
2588 6791171 3018
2589 6794189 3819
2590 6798008 3298
2591 6801306 3047
2593 6806462 1943
2594 6808405 3206
2595 6811611 3785
2596 6815396 219
2603 6842160 10083
2604 6852243 2059
2605 6854302 3832
2606 6858134 3456
2607 6861590 4226
2608 6865816 1525
2609 6867341 1466
2610 6868807 2361
2611 6871168 1958
2612 6873126 3110
2613 6876236 2769
2615 6880932 2396
2616 6883328 3345
2617 6886673 3696
2618 6890369 6362
2619 6896731 1493
2620 6898224 2690
2621 6900914 2099
2622 6903013 3114
2623 6906127 1608
2624 6907735 8520
2625 6916255 3509
2626 6919764 3396
2628 6924531 7921
2629 6932452 8205
2630 6940657 8642
2631 6949299 5691
2632 6954990 7424
2633 6962414 7087
2634 6969501 5496
2635 6974997 1800
2636 6976797 6429
2637 6983226 9041
2638 6992267 3869
2640 7000734 2732
2641 7003466 2402
2642 7005868 3866
2643 7009734 4814
2644 7014548 4267
2645 7018815 3252
2646 7022067 7057
2647 7029124 8580
2648 7037704 8493
2649 7046197 2801
2650 7048998 650
2651 7049648 4194
2652 7053842 8140
2653 7061982 8341
2654 7070323 5412
2656 7078152 7602
2659 7095866 2903
2660 7098769 1063
2661 7099832 3057
2662 7102889 10604
2663 7113493 7567
2664 7121060 7620
2665 7128680 1044
2666 7129724 2972
2668 7134493 8031
2669 7142524 6945
2670 7149469 4065
2671 7153534 1035
2672 7154569 9583
2673 7164152 9634
2674 7173786 2709
2675 7176495 3797
2676 7180292 5694
2677 7185986 14786
2678 7200772 3048
2679 7203820 4459
2680 7208279 7895
2681 7216174 6502
2682 7222676 2510
2683 7225186 3869
2684 7229055 3804
2686 7234721 3389
2687 7238110 5081
2688 7243191 2243
2689 7245434 1109
2690 7246543 1366
2691 7247909 3998
2692 7251907 993
2693 7252900 3489
2694 7256389 3303
2695 7259692 3678
2696 7263370 3279
2697 7266649 2467
2698 7269116 989
2699 7270105 1264
2700 7271369 8069
2701 7279438 7015
2702 7286453 4486
2703 7290939 7300
2704 7298239 998
2705 7299237 3332
2706 7302569 9073
2707 7311642 2150
2708 7313792 6298
2709 7320090 6289
2710 7326379 1145
2711 7327524 833
2712 7328357 6803
2713 7335160 3584
2714 7338744 2683
2716 7342453 1600
2717 7344053 3088
2718 7347141 1189
2719 7348330 594
2720 7348924 1580
2721 7350504 1651
2722 7352155 1577
2723 7353732 8831
2725 7370357 4446
2726 7374803 2937
2727 7377740 620
2728 7378360 7702
2729 7386062 4060
2730 7390122 12567
2731 7402689 4941
2732 7407630 2540
2735 7430306 6326
2736 7436632 2637
2737 7439269 316
2738 7439585 2366
2739 7441951 3873
2740 7445824 2835
2741 7448659 13578
2742 7462237 7949
2743 7470186 1926
2744 7472112 2797
2745 7474909 1948
2746 7476857 1866
2747 7478723 3488
2748 7482211 2233
2749 7484444 3075
2750 7487519 2008
2751 7489527 1846
2752 7491373 2208
2753 7493581 2954
2754 7496535 2874
2755 7499409 1947
2760 7509647 2621
2761 7512268 3338
2762 7515606 2185
2763 7517791 1928
2764 7519719 1791
2765 7521510 2103
2766 7523613 4519
2767 7528132 3915
2768 7532047 3817
2769 7535864 3024
2770 7538888 2469
2771 7541357 2584
2772 7543941 2349
2773 7546290 2390
2775 7553199 331
2776 7553530 5882
2779 7567144 9971
2780 7577115 2825
2781 7579940 977
2782 7580917 4441
2783 7585358 7189
2784 7592547 316
2785 7592863 3216
2786 7596079 2689
2787 7598768 2396
2788 7601164 2615
2789 7603779 3586
2790 7607365 4371
2791 7611736 2628
2792 7614364 5009
2793 7619373 2767
2794 7622140 8245
2795 7630385 2770
2796 7633155 6305
2797 7639460 2464
2798 7641924 1237
2799 7643161 17858
2800 7661019 9891
2801 7670910 2978
2802 7673888 3261
2803 7677149 5905
2804 7683054 3500
2805 7686554 1959
2806 7688513 3097
2807 7691610 4512
2808 7696122 4393
2809 7700515 3737
2810 7704252 3009
2811 7707261 24593
2812 7731854 11350
2813 7743204 16342
2814 7759546 30745
2815 7790291 3803
2817 7797333 3742
2818 7801075 4255
2820 7808942 14612
2824 7835550 2628
2825 7838178 2731
2827 7844486 3475
2831 7873027 4179
2835 7890567 3800
2837 7898745 3075
2838 7901820 1695
2839 7903515 4310
2842 7914751 4003
2843 7918754 4165
2844 7922919 3549
2845 7926468 3649
2846 7930117 3811
2847 7933928 4010
2848 7937938 3477
2851 7956248 3769
2860 7991543 3096
2861 7994639 3138
2862 7997777 4067
2863 8001844 3273
2866 8028839 3413
2868 8033811 3459
2869 8037270 3521
2871 8060338 4679
2872 8065017 1516
2873 8066533 3419
2881 8096229 5071
2883 8104477 3295
2885 8111416 3736
2886 8115152 3486
2887 8118638 2742
2888 8121380 3244
2889 8124624 3652
2890 8128276 3201
2891 8131477 3556
2892 8135033 18945
2893 8153978 4522
2894 8158500 3787
2895 8162287 3627
2897 8167514 4335
2898 8171849 1244
2899 8173093 938
2900 8174031 2966
2901 8176997 4077
2902 8181074 3555
2904 8187483 3534
2905 8191017 2618
2906 8193635 1115
2907 8194750 4228
2908 8198978 19820
2911 8227459 3335
2912 8230794 4821
2913 8235615 3321
2914 8238936 3281
2915 8242217 3653
2916 8245870 1485
2918 8250625 1209
2919 8251834 1785
2920 8253619 4562
2921 8258181 1088
2922 8259269 4229
2923 8263498 1832
2924 8265330 2154
2925 8267484 218
2926 8267702 4964
2927 8272666 2638
2928 8275304 2608
2929 8277912 368
2930 8278280 1534
2931 8279814 1507
2932 8281321 2196
2933 8283517 1500
2934 8285017 1088
2935 8286105 2674
2936 8288779 1022
2937 8289801 336
2938 8290137 4584
2939 8294721 1291
2940 8296012 900
2941 8296912 3925
2942 8300837 1347
2943 8302184 3135
2944 8305319 2630
2946 8308492 1296
2947 8309788 1245
2948 8311033 2505
2949 8313538 1204
2950 8314742 8156
2951 8322898 597
2952 8323495 1342
2953 8324837 7422
2954 8332259 3875
2957 8343330 7016
2958 8350346 4929
2959 8355275 1667
2960 8356942 1601
2961 8358543 2044
2962 8360587 1349
2963 8361936 513
2964 8362449 1362
2965 8363811 2304
2967 8370614 1545
2968 8372159 11565
2969 8383724 2060
2970 8385784 823
2971 8386607 925
2972 8387532 1066
2973 8388598 1831
2974 8390429 722
2975 8391151 11578
2976 8402729 1789
2977 8404518 2971
2978 8407489 3752
2979 8411241 956
2980 8412197 2216
2981 8414413 1235
2982 8415648 4769
2983 8420417 317
2984 8420734 7062
2985 8427796 1049
2986 8428845 1788
2987 8430633 2573
2988 8433206 1491
2989 8434697 1252
2990 8435949 6686
2991 8442635 3546
2992 8446181 1013
2993 8447194 3541
2994 8450735 1659
2995 8452394 3002
2996 8455396 1326
2997 8456722 515
2998 8457237 782
2999 8458019 4843
3000 8462862 1240
3001 8464102 6453
3002 8470555 2698
3003 8473253 450
3004 8473703 4249
3005 8477952 527
3006 8478479 1493
3007 8479972 2132
3008 8482104 2802
3009 8484906 3182
3010 8488088 1382
3011 8489470 1540
3012 8491010 1142
3013 8492152 1457
3014 8493609 2356
3015 8495965 597
3016 8496562 3692
3017 8500254 2011
3018 8502265 3227
3019 8505492 2872
3020 8508364 7588
3021 8515952 421
3022 8516373 523
3023 8516896 11271
3024 8528167 4502
3025 8532669 3687
3026 8536356 9037
3027 8545393 3418
3028 8548811 2062
3029 8550873 2012
3030 8552885 7142
3031 8560027 6475
3032 8566502 3701
3033 8570203 2257
3034 8572460 14980
3035 8587440 6425
3036 8593865 1339
3037 8595204 1986
3038 8597190 2948
3039 8600138 2595
3040 8602733 2147
3041 8604880 1599
3042 8606479 751
3043 8607230 1401
3044 8608631 745
3045 8609376 397
3046 8609773 3998
3048 8617706 3073
3049 8620779 4175
3050 8624954 7618
3051 8632572 5448
3052 8638020 1366
3054 8644723 1183
3055 8645906 939
3056 8646845 1869
3057 8648714 2430
3058 8651144 5507
3059 8656651 2521
3060 8659172 8111
3061 8667283 2481
3062 8669764 926
3063 8670690 857
3064 8671547 1653
3065 8673200 2249
3066 8675449 7297
3067 8682746 1651
3068 8684397 4779
3069 8689176 2467
3070 8691643 3648
3071 8695291 2703
3072 8697994 6979
3073 8704973 2314
3074 8707287 3033
3075 8710320 4615
3076 8714935 2533
3077 8717468 2895
3078 8720363 1916
3079 8722279 1285
3080 8723564 4748
3081 8728312 1645
3082 8729957 1014
3083 8730971 1613
3084 8732584 1811
3085 8734395 4620
3086 8739015 1684
3087 8740699 2696
3088 8743395 9360
3089 8752755 1888
3090 8754643 2645
3091 8757288 9101
3092 8766389 3562
3093 8769951 6169
3094 8776120 3380
3095 8779500 2967
3096 8782467 7893
3097 8790360 1745
3098 8792105 2212
3099 8794317 1658
3100 8795975 974
3101 8796949 2399
3102 8799348 1690
3103 8801038 1792
3104 8802830 15090
3105 8817920 7398
3106 8825318 3154
3107 8828472 1686
3108 8830158 1422
3109 8831580 7699
3110 8839279 2003
3111 8841282 2125
3112 8843407 1795
3113 8845202 1697
3114 8846899 2088
3115 8848987 1168
3116 8850155 3144
3117 8853299 5177
3118 8858476 5568
3119 8864044 4702
3120 8868746 5539
3121 8874285 1881
3122 8876166 3885
3123 8880051 6083
3125 8888600 4438
3126 8893038 975
3127 8894013 792
3128 8894805 4176
3129 8898981 2673
3130 8901654 2962
3131 8904616 1256
3132 8905872 1949
3133 8907821 2322
3134 8910143 2740
3135 8912883 2308
3136 8915191 1295
3137 8916486 4703
3138 8921189 4584
3139 8925773 3581
3140 8929354 3134
3141 8932488 4108
3142 8936596 4507
3143 8941103 2777
3144 8943880 3825
3145 8947705 2312
3146 8950017 1743
3147 8951760 2301
3148 8954061 20502
3149 8974563 3314
3150 8977877 4086
3151 8981963 1921
3152 8983884 8736
3153 8992620 2680
3154 8995300 5319
3155 9000619 5351
3156 9005970 3691
3157 9009661 4172
3158 9013833 5934
3159 9019767 3031
3160 9022798 5464
3161 9028262 1740
3162 9030002 2623
3163 9032625 5034
3164 9037659 4791
3165 9042450 3314
3166 9045764 5422
3167 9051186 5493
3168 9056679 4280
3169 9060959 2540
3170 9063499 4414
3171 9067913 7402
3172 9075315 187
3173 9075502 4733
3174 9080235 172
3175 9080407 904
3176 9081311 795
3177 9082106 2236
3178 9084342 1781
3179 9086123 939
3180 9087062 1841
3181 9088903 12139
3182 9101042 4437
3184 9107362 6890
3185 9114252 9983
3186 9124235 1118
3188 9135300 3382
3189 9138682 1404
3190 9140086 3518
3191 9143604 5368
3193 9153640 5543
3197 9165161 2581
3200 9175214 5171
3202 9185643 1316
3203 9186959 9375
3204 9196334 3290
3206 9200220 1549
3207 9201769 3321
3208 9205090 1883
3209 9206973 3278
3210 9210251 5114
3211 9215365 2133
3212 9217498 5833
3214 9225634 4218
3215 9229852 4919
3216 9234771 1978
3217 9236749 3143
3218 9239892 2460
3219 9242352 7796
3220 9250148 2673
3221 9252821 2024
3222 9254845 6227
3223 9261072 4255
3224 9265327 4375
3225 9269702 3844
3226 9273546 6897
3227 9280443 3614
3228 9284057 3294
3229 9287351 4634
3230 9291985 5276
3231 9297261 4453
3232 9301714 3429
3233 9305143 4131
3234 9309274 1149
3235 9310423 7957
3236 9318380 4581
3237 9322961 4399
3238 9327360 4384
3239 9331744 4096
3240 9335840 5574
3241 9341414 7808
3242 9349222 2356
3243 9351578 2137
3244 9353715 2960
3245 9356675 2954
3246 9359629 4624
3247 9364253 5439
3248 9369692 3178
3249 9372870 4098
3250 9376968 5470
3251 9382438 4692
3252 9387130 5128
3253 9392258 2500
3254 9394758 2738
3255 9397496 2978
3256 9400474 8272
3257 9408746 1238
3258 9409984 780
3259 9410764 213
3260 9410977 4158
3261 9415135 3354
3262 9418489 1554
3263 9420043 9959
3264 9430002 3078
3265 9433080 8765
3266 9441845 3973
3267 9445818 5255
3268 9451073 4942
3269 9456015 8594
3270 9464609 4807
3271 9469416 3930
3272 9473346 531
3273 9473877 4696
3274 9478573 4404
3275 9482977 3824
3276 9486801 5835
3277 9492636 7227
3278 9499863 6479
3279 9506342 2583
3280 9508925 3370
3281 9512295 977
3282 9513272 22921
3283 9536193 18591
3284 9554784 2593
3285 9557377 8487
3286 9565864 1656
3287 9567520 2404
3288 9569924 7146
3289 9577070 3349
3290 9580419 11024
3291 9591443 2885
3292 9594328 3521
3293 9597849 3232
3294 9601081 4846
3295 9605927 7275
3296 9613202 6913
3297 9620115 6202
3298 9626317 1084
3299 9627401 2795
3300 9630196 3456
3301 9633652 1056
3302 9634708 2447
3303 9637155 1563
3304 9638718 6354
3305 9645072 13635
3306 9658707 2107
3307 9660814 12963
3308 9673777 6480
3309 9680257 2888
3310 9683145 5042
3311 9688187 1973
3312 9690160 9055
3313 9699215 6574
3314 9705789 2490
3315 9708279 6456
3316 9714735 2006
3317 9716741 3126
3318 9719867 6329
3319 9726196 993
3321 9733839 947
3322 9734786 1157
3323 9735943 798
3324 9736741 6322
3325 9743063 2854
3326 9745917 5088
3327 9751005 9079
3328 9760084 7364
3332 9778399 1519
3333 9779918 651
3334 9780569 3294
3335 9783863 9180
3336 9793043 2889
3337 9795932 2227
3338 9798159 5724
3339 9803883 1310
3340 9805193 4422
3341 9809615 702
3342 9810317 2563
3343 9812880 1548
3344 9814428 1145
3345 9815573 2527
3346 9818100 4371
3347 9822471 2936
3348 9825407 5441
3349 9830848 5875
3350 9836723 4474
3351 9841197 2771
3352 9843968 2077
3353 9846045 1079
3354 9847124 817
3355 9847941 2648
3356 9850589 5792
3358 9857338 1817
3359 9859155 1744
3361 9868381 1216
3362 9869597 2236
3363 9871833 2441
3364 9874274 1403
3365 9875677 592
3366 9876269 5013
3367 9881282 6131
3368 9887413 11633
3369 9899046 1227
3370 9900273 2352
3373 9904938 2192
3375 9909960 5196
3376 9915156 2450
3377 9917606 3032
3378 9920638 20089
3379 9940727 2858
3380 9943585 1622
3382 9947463 1773
3383 9949236 1470
3384 9950706 7360
3385 9958066 4612
3386 9962678 12600
3387 9975278 2422
3388 9977700 1832
3389 9979532 1455
3390 9980987 3118
3391 9984105 1388
3392 9985493 3890
3395 9991636 1346
3396 9992982 2395
3397 9995377 1969
3399 9999716 3475
3400 10003191 209
3401 10003400 980
3402 10004380 7329
3403 10011709 5219
3404 10016928 6579
3405 10023507 4443
3406 10027950 3708
3407 10031658 2759
3408 10034417 30932
3409 10065349 3971
3410 10069320 5296
3411 10074616 2854
3412 10077470 1974
3414 10084196 1235
3415 10085431 2571
3416 10088002 6719
3417 10094721 8225
3418 10102946 3721
3419 10106667 5026
3420 10111693 3506
3421 10115199 1894
3422 10117093 997
3423 10118090 1416
3424 10119506 1175
3425 10120681 2104
3426 10122785 1304
3427 10124089 1743
3428 10125832 1813
3429 10127645 2187
3430 10129832 1809
3431 10131641 7672
3432 10139313 18360
3433 10157673 3884
3434 10161557 4416
3435 10165973 3351
3436 10169324 3554
3437 10172878 10518
3438 10183396 4070
3439 10187466 1224
3440 10188690 899
3441 10189589 1511
3442 10191100 972
3443 10192072 1980
3444 10194052 4469
3445 10198521 1637
3446 10200158 6249
3447 10206407 7705
3448 10214112 2000
3449 10216112 4010
3450 10220122 2680
3451 10222802 4778
3452 10227580 8855
3453 10236435 4984
3454 10241419 7982
3455 10249401 4792
3456 10254193 10046
3457 10264239 2219
3458 10266458 1624
3459 10268082 2108
3460 10270190 1883
3461 10272073 2444
3462 10274517 2902
3463 10277419 2590
3464 10280009 13309
3465 10293318 2497
3466 10295815 2268
3468 10300605 3094
3470 10305294 10168
3472 10325122 4728
3473 10329850 7008
3474 10336858 3668
3475 10340526 3435
3476 10343961 2855
3477 10346816 5886
3478 10352702 3092
3479 10355794 5867
3480 10361661 4781
3481 10366442 13743
3482 10380185 3839
3483 10384024 2978
3484 10387002 1632
3485 10388634 8117
3486 10396751 5700
3487 10402451 12511
3488 10414962 3824
3489 10418786 2213
3490 10420999 5476
3492 10432333 7936
3493 10440269 10151
3494 10450420 3611
3495 10454031 3397
3496 10457428 2193
3498 10460014 3792
3499 10463806 2039
3500 10465845 1492
3501 10467337 7387
3502 10474724 1029
3503 10475753 953
3504 10476706 1686
3505 10478392 3287
3506 10481679 1834
3507 10483513 4070
3509 10489762 4036
3510 10493798 1406
3511 10495204 4929
3512 10500133 2611
3513 10502744 1762
3514 10504506 1985
3515 10506491 1494
3516 10507985 5139
3517 10513124 7832
3519 10526282 11015
3520 10537297 1840
3521 10539137 7275
3522 10546412 3696
3523 10550108 7934
3524 10558042 486
3526 10563749 2502
3527 10566251 3089
3528 10569340 3887
3529 10573227 757
3530 10573984 879
3531 10574863 5680
3532 10580543 1492
3533 10582035 2146
3534 10584181 2626
3535 10586807 3674
3536 10590481 3278
3537 10593759 2094
3538 10595853 4834
3539 10600687 10150
3540 10610837 595
3541 10611432 3172
3542 10614604 3461
3544 10623387 3771
3546 10633414 9864
3548 10645361 1639
3549 10647000 3131
3551 10655719 3676
3552 10659395 1990
3553 10661385 4402
3554 10665787 1372
3555 10667159 9461
3556 10676620 4584
3557 10681204 2589
3558 10683793 3583
3559 10687376 1811
3560 10689187 1491
3561 10690678 1513
3562 10692191 4724
3563 10696915 2899
3564 10699814 8567
3566 10716164 5314
3567 10721478 3049
3568 10724527 7132
3569 10731659 1202
3570 10732861 2809
3571 10735670 2596
3572 10738266 1956
3574 10742547 532
3575 10743079 5889
3576 10748968 525
3577 10749493 2081
3578 10751574 6633
3579 10758207 5888
3580 10764095 2526
3581 10766621 3080
3582 10769701 8947
3583 10778648 3622
3585 10786169 3046
3586 10789215 8962
3587 10798177 4046
3588 10802223 3399
3589 10805622 3644
3590 10809266 1473
3591 10810739 4488
3592 10815227 1028
3593 10816255 1782
3594 10818037 5602
3595 10823639 2101
3596 10825740 1802
3597 10827542 15860
3598 10843402 5939
3599 10849341 2260
3600 10851601 2624
3601 10854225 5409
3602 10859634 3928
3603 10863562 13777
3604 10877339 3832
3605 10881171 1855
3606 10883026 3645
3607 10886671 6600
3608 10893271 2967
3609 10896238 571
3610 10896809 4696
3611 10901505 4562
3612 10906067 2716
3613 10908783 4749
3614 10913532 2164
3615 10915696 746
3616 10916442 2686
3617 10919128 2754
3618 10921882 1926
3619 10923808 2445
3620 10926253 7171
3621 10933424 1563
3622 10934987 1154
3623 10936141 1154
3624 10937295 1146
3632 10946162 1129
3633 10947291 8089
3634 10955380 5555
3635 10960935 1329
3636 10962264 2013
3637 10964277 4764
3638 10969041 6794
3639 10975835 8195
3640 10984030 3925
3642 10993454 1253
3643 10994707 8865
3644 11003572 6025
3645 11009597 2069
3646 11011666 4464
3647 11016130 1951
3649 11027394 2409
3650 11029803 1277
3651 11031080 2930
3652 11034010 2164
3653 11036174 3021
3656 11043919 2603
3657 11046522 1521
3658 11048043 3416
3659 11051459 1663
3660 11053122 6381
3661 11059503 2475
3662 11061978 2162
3663 11064140 5081
3664 11069221 8577
3665 11077798 5199
3668 11085403 1472
3669 11086875 2475
3670 11089350 2371
3671 11091721 1829
3672 11093550 3512
3674 11099491 3936
3676 11107191 446
3678 11121033 9613
3679 11130646 2471
3680 11133117 2093
3681 11135210 2441
3682 11137651 2665
3684 11146708 8007
3685 11154715 5239
3686 11159954 5957
3687 11165911 4569
3688 11170480 2505
3689 11172985 2493
3690 11175478 7424
3697 11204694 1787
3698 11206481 1930
3699 11208411 646
3700 11209057 487
3701 11209544 610
3702 11210154 2582
3703 11212736 2524
3704 11215260 1927
3705 11217187 5779
3706 11222966 2042
3707 11225008 3830
3710 11241178 2393
3711 11243571 1583
3712 11245154 3018
3713 11248172 1785
3714 11249957 8316
3715 11258273 1705
3719 11281224 1108
3725 11301409 6218
3726 11307627 9216
3727 11316843 11709
3728 11328552 2085
3729 11330637 6514
3730 11337151 5829
3733 11360742 201
3734 11360943 237
3735 11361180 262
3736 11361442 189
3737 11361631 223
3738 11361854 201
3739 11362055 246
3740 11362301 5990
3741 11368291 1235
3743 11374473 9994
3744 11384467 5516
3745 11389983 3049
3746 11393032 2002
3748 11397000 2329
3749 11399329 1832
3750 11401161 1426
3751 11402587 1506
3752 11404093 1571
3753 11405664 1645
3754 11407309 3467
3755 11410776 2557
3756 11413333 15285
3761 11447033 6162
3762 11453195 2562
3764 11459453 2767
3766 11471593 1390
3767 11472983 187
3769 11475108 4983
3770 11480091 1408
3771 11481499 1704
3772 11483203 1842
3773 11485045 2882
3774 11487927 8175
3775 11496102 7526
3776 11503628 3497
3777 11507125 9757
3778 11516882 1651
3779 11518533 958
3783 11529059 1031
3784 11530090 15099
3793 11570135 7797
3794 11577932 2865
3796 11584432 2741
3797 11587173 1219
3800 11591542 246
3801 11591788 201
3802 11591989 256
3803 11592245 11869
3804 11604114 5363
3805 11609477 5906
3806 11615383 1772
3808 11618211 22677
3809 11640888 1513
3810 11642401 6627
3811 11649028 6420
3816 11672556 1307
3817 11673863 5529
3818 11679392 1252
3819 11680644 1968
3820 11682612 2676
3821 11685288 2432
3822 11687720 1228
3824 11690099 6832
3825 11696931 3181
3826 11700112 2608
3827 11702720 5256
3828 11707976 1929
3829 11709905 2584
3830 11712489 4789
3831 11717278 4742
3832 11722020 4501
3833 11726521 3102
3834 11729623 7709
3835 11737332 5827
3836 11743159 3543
3837 11746702 3358
3838 11750060 2380
3839 11752440 3509
3840 11755949 2189
3841 11758138 2054
3842 11760192 9203
3843 11769395 5424
3844 11774819 7540
3845 11782359 5456
3846 11787815 4874
3847 11792689 8282
3848 11800971 11967
3849 11812938 6347
3850 11819285 1448
3851 11820733 1873
3852 11822606 991
3853 11823597 5315
3854 11828912 2968
3855 11831880 686
3856 11832566 4206
3857 11836772 831
3858 11837603 3164
3859 11840767 749
3860 11841516 936
3861 11842452 4244
3863 11850382 1291
3864 11851673 1823
3865 11853496 1164
3866 11854660 1652
3867 11856312 894
3868 11857206 2514
3869 11859720 4400
3870 11864120 4698
3871 11868818 1126
3872 11869944 2258
3873 11872202 972
3874 11873174 1988
3876 11876071 1209
3877 11877280 1499
3878 11878779 570
3879 11879349 3981
3880 11883330 1464
3881 11884794 4827
3882 11889621 2498
3883 11892119 2082
3884 11894201 2504
3885 11896705 2255
3886 11898960 3500
3887 11902460 1688
3888 11904148 1138
3889 11905286 2622
3890 11907908 2041
3891 11909949 1911
3892 11911860 4306
3893 11916166 14612
3894 11930778 2138
3895 11932916 6601
3896 11939517 13744
3897 11953261 9075
3898 11962336 3719
3899 11966055 4620
3900 11970675 3653
3901 11974328 5685
3902 11980013 1704
3904 11990826 4000
3905 11994826 1905
3906 11996731 9777
3907 12006508 6500
3908 12013008 2466
3909 12015474 4542
3910 12020016 7564
3911 12027580 2099
3912 12029679 3718
3913 12033397 4326
3914 12037723 1099
3915 12038822 2227
3916 12041049 793
3917 12041842 1107
3918 12042949 2950
3919 12045899 4422
3920 12050321 9690
3921 12060011 2202
3922 12062213 3177
3923 12065390 2112
3924 12067502 2293
3925 12069795 27054
3926 12096849 1906
3927 12098755 1786
3928 12100541 5386
3930 12111403 2513
3931 12113916 3424
3932 12117340 4788
3933 12122128 3739
3934 12125867 3392
3935 12129259 15500
3936 12144759 4156
3937 12148915 3609
3938 12152524 10169
3939 12162693 1694
3940 12164387 1515
3941 12165902 5880
3942 12171782 10972
3943 12182754 5266
3944 12188020 3868
3945 12191888 2211
3947 12195421 680
3948 12196101 1546
3949 12197647 4665
3950 12202312 2751
3951 12205063 1967
3952 12207030 8807
3953 12215837 6287
3954 12222124 5207
3955 12227331 1988
3956 12229319 6490
3957 12235809 2984
3958 12238793 2954
3959 12241747 7526
3960 12249273 1712
3961 12250985 2132
3962 12253117 2607
3963 12255724 1714
3966 12269987 7630
3967 12277617 3396
3968 12281013 3053
3969 12284066 1915
3970 12285981 5590
3971 12291571 8201
3972 12299772 3223
3973 12302995 593
3974 12303588 3672
3975 12307260 5139
3976 12312399 6925
3977 12319324 937
3978 12320261 2379
3979 12322640 4384
3980 12327024 3568
3981 12330592 2921
3982 12333513 5642
3983 12339155 5104
3984 12344259 7370
3985 12351629 1140
3986 12352769 3955
3987 12356724 1363
3989 12365450 3309
3990 12368759 4398
3991 12373157 4892
3992 12378049 2361
3993 12380410 6095
3994 12386505 2295
3995 12388800 1724
3996 12390524 15328
3998 12415165 5409
3999 12420574 1387
4000 12421961 5712
4001 12427673 1409
4004 12440311 4625
4005 12444936 9784
4006 12454720 1747
4007 12456467 3493
4010 12485295 3925
4011 12489220 7912
4013 12510927 3813
4014 12514740 14107
4016 12534262 767
4017 12535029 3235
4018 12538264 772
4020 12545258 6364
4021 12551622 5742
4022 12557364 10753
4027 12585247 4317
4029 12595954 3053
4030 12599007 6103
4031 12605110 6084
4032 12611194 1698
4033 12612892 6477
4034 12619369 3280
4035 12622649 6715
4036 12629364 9039
4037 12638403 1430
4038 12639833 2915
4039 12642748 1780
4041 12647884 6018
4042 12653902 6798
4043 12660700 6308
4044 12667008 6430
4045 12673438 9705
4046 12683143 9746
4047 12692889 1186
4048 12694075 719
4049 12694794 1152
4050 12695946 3802
4051 12699748 674
4052 12700422 5532
4053 12705954 1397
4054 12707351 2786
4055 12710137 2323
4056 12712460 5533
4057 12717993 12223
4058 12730216 2602
4059 12732818 26091
4060 12758909 3716
4061 12762625 4041
4062 12766666 12436
4063 12779102 4407
4064 12783509 3897
4065 12787406 14657
4066 12802063 12279
4067 12814342 3681
4068 12818023 1642
4069 12819665 9108
4070 12828773 1809
4071 12830582 718
4072 12831300 3237
4073 12834537 2862
4074 12837399 5825
4075 12843224 9624
4076 12852848 4049
4077 12856897 1140
4078 12858037 1791
4079 12859828 5506
4080 12865334 4603
4081 12869937 4549
4082 12874486 4400
4084 12880750 4376
4085 12885126 3681
4086 12888807 6170
4087 12894977 4197
4088 12899174 1111
4089 12900285 740
4090 12901025 8850
4091 12909875 3960
4092 12913835 7013
4093 12920848 1518
4094 12922366 2484
4095 12924850 1093
4096 12925943 1031
4097 12926974 1022
4098 12927996 5333
4099 12933329 11005
4100 12944334 753
4101 12945087 672
4102 12945759 4024
4103 12949783 10096
4105 12961194 3116
4106 12964310 858
4108 12965857 633
4109 12966490 994
4110 12967484 732
4111 12968216 1759
4112 12969975 12305
4113 12982280 4333
4114 12986613 11198
4115 12997811 3617
4116 13001428 8083
4117 13009511 11547
4118 13021058 2045
4119 13023103 3605
4120 13026708 5167
4121 13031875 5332
4122 13037207 5160
4123 13042367 6338
4124 13048705 1031
4125 13049736 7196
4126 13056932 2941
4128 13069406 4217
4129 13073623 6422
4130 13080045 2883
4131 13082928 1592
4132 13084520 2919
4133 13087439 3399
4134 13090838 1770
4135 13092608 5552
4136 13098160 9070
4137 13107230 185
4138 13107415 2291
4139 13109706 8418
4140 13118124 6796
4141 13124920 6458
4142 13131378 3687
4143 13135065 3380
4144 13138445 2886
4145 13141331 3412
4146 13144743 468
4147 13145211 2166
4148 13147377 3924
4150 13154914 2908
4151 13157822 3577
4152 13161399 2694
4153 13164093 6559
4154 13170652 9420
4155 13180072 8437
4156 13188509 10524
4157 13199033 9691
4158 13208724 10273
4159 13218997 7955
4160 13226952 5471
4161 13232423 6241
4163 13246154 3548
4164 13249702 3987
4166 13256057 1555
4167 13257612 1660
4168 13259272 3149
4169 13262421 3511
4172 13279868 5934
4174 13289372 4591
4175 13293963 3481
4176 13297444 11601
4177 13309045 5149
4179 13320832 4803
4180 13325635 1068
4181 13326703 4164
4182 13330867 3655
4183 13334522 3440
4186 13347173 4555
4187 13351728 7983
4188 13359711 2243
4189 13361954 5535
4190 13367489 4375
4191 13371864 6529
4192 13378393 4787
4193 13383180 2165
4194 13385345 2141
4195 13387486 1491
4196 13388977 3311
4197 13392288 4593
4198 13396881 4132
4199 13401013 6233
4200 13407246 8575
4201 13415821 1851
4202 13417672 5778
4203 13423450 7272
4204 13430722 1283
4206 13435423 4105
4207 13439528 1624
4208 13441152 7292
4209 13448444 2752
4210 13451196 10137
4211 13461333 4290
4212 13465623 5802
4213 13471425 812
4214 13472237 3754
4215 13475991 1973
4216 13477964 1623
4217 13479587 220
4218 13479807 2820
4219 13482627 947
4220 13483574 1124
4221 13484698 15577
4222 13500275 6432
4223 13506707 13963
4224 13520670 736
4226 13524175 2051
4227 13526226 2608
4228 13528834 2784
4229 13531618 1777
4230 13533395 20063
4231 13553458 9038
4232 13562496 3571
4233 13566067 3553
4234 13569620 3394
4236 13575116 3361
4237 13578477 429
4238 13578906 2546
4239 13581452 2908
4242 13600095 4107
4244 13606961 2968
4245 13609929 928
4248 13631693 3845
4249 13635538 229
4250 13635767 28635
4251 13664402 4213
4252 13668615 7400
4253 13676015 9330
4254 13685345 30311
4255 13715656 19682
4256 13735338 949
4257 13736287 615
4258 13736902 2323
4259 13739225 1613
4260 13740838 4964
4261 13745802 3314
4262 13749116 4047
4263 13753163 2499
4264 13755662 4590
4265 13760252 1143
4266 13761395 2002
4267 13763397 668
4268 13764065 420
4270 13774403 2299
4271 13776702 852
4273 13808005 3541
4274 13811546 930
4275 13812476 2584
4276 13815060 3122
4277 13818182 329
4278 13818511 7213
4279 13825724 19030
4280 13844754 5701
4281 13850455 1301
4282 13851756 2178
4283 13853934 2346
4284 13856280 2607
4287 13862679 8998
4288 13871677 3646
4290 13877467 2357
4291 13879824 22094
4292 13901918 851
4293 13902769 394
4294 13903163 1150
4295 13904313 3843
4296 13908156 1134
4297 13909290 3537
4298 13912827 3249
4299 13916076 1576
4300 13917652 1345
4301 13918997 2015
4302 13921012 2156
4304 13924450 1312
4305 13925762 3894
4306 13929656 551
4307 13930207 6469
4308 13936676 2573
4309 13939249 3671
4310 13942920 819
4311 13943739 1270
4312 13945009 2416
4313 13947425 688
4314 13948113 787
4315 13948900 5016
